Estación: ,C19261,LA CIENEGA
Variable: ,Precipitación (mm)
Longitud: ,100° 07' 08.8'',Latitud:,25° 32' 10.6''

Fecha,Valor,NúmDatos
1997-06-01,0,CLIC
1997-06-02,0,CLIC
1997-06-03,0,CLIC
1997-06-04,0,CLIC
1997-06-05,0,CLIC
1997-06-06,0,CLIC
1997-06-07,0,CLIC
1997-06-08,0,CLIC
1997-06-09,0,CLIC
1997-06-10,0.6,CLIC
1997-06-11,0,CLIC
1997-06-12,0,CLIC
1997-06-13,0,CLIC
1997-06-14,0,CLIC
1997-06-15,0,CLIC
1997-06-16,1.3,CLIC
1997-06-17,0,CLIC
1997-06-18,0,CLIC
1997-06-19,0,CLIC
1997-06-20,0,CLIC
1997-06-21,0,CLIC
1997-06-22,0,CLIC
1997-06-23,10.5,CLIC
1997-06-24,15.5,CLIC
1997-06-25,0,CLIC
1997-06-26,1.5,CLIC
1997-06-27,0,CLIC
1997-06-28,0,CLIC
1997-06-29,0,CLIC
1997-06-30,0,CLIC
1997-07-01,0,CLIC
1997-07-02,0,CLIC
1997-07-03,0,CLIC
1997-07-04,0,CLIC
1997-07-05,0,CLIC
1997-07-06,0,CLIC
1997-07-07,0,CLIC
1997-07-08,0,CLIC
1997-07-09,0,CLIC
1997-07-10,0,CLIC
1997-07-11,0,CLIC
1997-07-12,0,CLIC
1997-07-13,0,CLIC
1997-07-14,0,CLIC
1997-07-15,0,CLIC
1997-07-16,0,CLIC
1997-07-17,0,CLIC
1997-07-18,0,CLIC
1997-07-19,0,CLIC
1997-07-20,3.5,CLIC
1997-07-21,0.1,CLIC
1997-07-22,0,CLIC
1997-07-23,0,CLIC
1997-07-24,0,CLIC
1997-07-25,0,CLIC
1997-07-26,0,CLIC
1997-07-27,0,CLIC
1997-07-28,0,CLIC
1997-07-29,0,CLIC
1997-07-30,0,CLIC
1997-07-31,0,CLIC
1997-08-01,0.8,CLIC
1997-08-02,0,CLIC
1997-08-03,0,CLIC
1997-08-04,0,CLIC
1997-08-05,0,CLIC
1997-08-06,0,CLIC
1997-08-07,0,CLIC
1997-08-08,0,CLIC
1997-08-09,0,CLIC
1997-08-10,0,CLIC
1997-08-11,0,CLIC
1997-08-12,0,CLIC
1997-08-13,0,CLIC
1997-08-14,0,CLIC
1997-08-15,0,CLIC
1997-08-16,0,CLIC
1997-08-17,0,CLIC
1997-08-18,0,CLIC
1997-08-19,0,CLIC
1997-08-20,0,CLIC
1997-08-21,0,CLIC
1997-08-22,0,CLIC
1997-08-23,0,CLIC
1997-08-24,11,CLIC
1997-08-25,0.1,CLIC
1997-08-26,0,CLIC
1997-08-27,0,CLIC
1997-08-28,0,CLIC
1997-08-29,0,CLIC
1997-08-30,0,CLIC
1997-08-31,0,CLIC
1997-09-01,0.1,CLIC
1997-09-02,0,CLIC
1997-09-03,0,CLIC
1997-09-04,36,CLIC
1997-09-05,0,CLIC
1997-09-06,0,CLIC
1997-09-07,0.2,CLIC
1997-09-08,0,CLIC
1997-09-09,0,CLIC
1997-09-10,0,CLIC
1997-09-11,0,CLIC
1997-09-12,0,CLIC
1997-09-13,0,CLIC
1997-09-14,0,CLIC
1997-09-15,0,CLIC
1997-09-16,0,CLIC
1997-09-17,0,CLIC
1997-09-18,0,CLIC
1997-09-19,0,CLIC
1997-09-20,0,CLIC
1997-09-21,0.2,CLIC
1997-09-22,0,CLIC
1997-09-23,10,CLIC
1997-09-24,0,CLIC
1997-09-25,0,CLIC
1997-09-26,0,CLIC
1997-09-27,0,CLIC
1997-09-28,0,CLIC
1997-09-29,0,CLIC
1997-09-30,0,CLIC
1997-10-01,29,CLIC
1997-10-02,0,CLIC
1997-10-03,0,CLIC
1997-10-04,14,CLIC
1997-10-05,34,CLIC
1997-10-06,24,CLIC
1997-10-07,0,CLIC
1997-10-08,0.2,CLIC
1997-10-09,31,CLIC
1997-10-10,60,CLIC
1997-10-11,0.4,CLIC
1997-10-12,0.2,CLIC
1997-10-13,0,CLIC
1997-10-14,0,CLIC
1997-10-15,0,CLIC
1997-10-16,0,CLIC
1997-10-17,0,CLIC
1997-10-18,0,CLIC
1997-10-19,0,CLIC
1997-10-20,0,CLIC
1997-10-21,0,CLIC
1997-10-22,0,CLIC
1997-10-23,0,CLIC
1997-10-24,0,CLIC
1997-10-25,0,CLIC
1997-10-26,0,CLIC
1997-10-27,0,CLIC
1997-10-28,0.1,CLIC
1997-10-29,0,CLIC
1997-10-30,0,CLIC
1997-10-31,0,CLIC
1997-11-01,0,CLIC
1997-11-02,0,CLIC
1997-11-03,0,CLIC
1997-11-04,0,CLIC
1997-11-05,0,CLIC
1997-11-06,0,CLIC
1997-11-07,0,CLIC
1997-11-08,0,CLIC
1997-11-09,0,CLIC
1997-11-10,0,CLIC
1997-11-11,18,CLIC
1997-11-12,0.1,CLIC
1997-11-13,0,CLIC
1997-11-14,0,CLIC
1997-11-15,0,CLIC
1997-11-16,0.1,CLIC
1997-11-17,0.1,CLIC
1997-11-18,0,CLIC
1997-11-19,0,CLIC
1997-11-20,0,CLIC
1997-11-21,0,CLIC
1997-11-22,0,CLIC
1997-11-23,0,CLIC
1997-11-24,0,CLIC
1997-11-25,0,CLIC
1997-11-26,0,CLIC
1997-11-27,0,CLIC
1997-11-28,0,CLIC
1997-11-29,0,CLIC
1997-11-30,0,CLIC
1997-12-01,0,CLIC
1997-12-02,0,CLIC
1997-12-03,0,CLIC
1997-12-04,0,CLIC
1997-12-05,0.1,CLIC
1997-12-06,0.1,CLIC
1997-12-07,0,CLIC
1997-12-08,0,CLIC
1997-12-09,0,CLIC
1997-12-10,0,CLIC
1997-12-11,0,CLIC
1997-12-12,3,CLIC
1997-12-13,0,CLIC
1997-12-14,0,CLIC
1997-12-15,0,CLIC
1997-12-16,0,CLIC
1997-12-17,0,CLIC
1997-12-18,0,CLIC
1997-12-19,0,CLIC
1997-12-20,0,CLIC
1997-12-21,0,CLIC
1997-12-22,0,CLIC
1997-12-23,0,CLIC
1997-12-24,0,CLIC
1997-12-25,0,CLIC
1997-12-26,0,CLIC
1997-12-27,0,CLIC
1997-12-28,0,CLIC
1997-12-29,0,CLIC
1997-12-30,0,CLIC
1997-12-31,0,CLIC
1998-01-01,0,CLIC
1998-01-02,0,CLIC
1998-01-03,0,CLIC
1998-01-04,0,CLIC
1998-01-05,0,CLIC
1998-01-06,0,CLIC
1998-01-07,0,CLIC
1998-01-08,0,CLIC
1998-01-09,0,CLIC
1998-01-10,0,CLIC
1998-01-11,0,CLIC
1998-01-12,0,CLIC
1998-01-13,0.1,CLIC
1998-01-14,0,CLIC
1998-01-15,0,CLIC
1998-01-16,0,CLIC
1998-01-17,0,CLIC
1998-01-18,0,CLIC
1998-01-19,0,CLIC
1998-01-20,0,CLIC
1998-01-21,0,CLIC
1998-01-22,0,CLIC
1998-01-23,0,CLIC
1998-01-24,0,CLIC
1998-01-25,0,CLIC
1998-01-26,0,CLIC
1998-01-27,0,CLIC
1998-01-28,0,CLIC
1998-01-29,0,CLIC
1998-01-30,0,CLIC
1998-01-31,0,CLIC
1998-02-01,0,CLIC
1998-02-02,0,CLIC
1998-02-03,0,CLIC
1998-02-04,0,CLIC
1998-02-05,0,CLIC
1998-02-06,0,CLIC
1998-02-07,0,CLIC
1998-02-08,0,CLIC
1998-02-09,0,CLIC
1998-02-10,0,CLIC
1998-02-11,0,CLIC
1998-02-12,0,CLIC
1998-02-13,12,CLIC
1998-02-14,0.7,CLIC
1998-02-15,0,CLIC
1998-02-16,0,CLIC
1998-02-17,0,CLIC
1998-02-18,0,CLIC
1998-02-19,0,CLIC
1998-02-20,0,CLIC
1998-02-21,0,CLIC
1998-02-22,0,CLIC
1998-02-23,0,CLIC
1998-02-24,0,CLIC
1998-02-25,0,CLIC
1998-02-26,0,CLIC
1998-02-27,0,CLIC
1998-02-28,0,CLIC
1998-03-01,0,CLIC
1998-03-02,1.5,CLIC
1998-03-03,0.5,CLIC
1998-03-04,0,CLIC
1998-03-05,0,CLIC
1998-03-06,0,CLIC
1998-03-07,0,CLIC
1998-03-08,0,CLIC
1998-03-09,0,CLIC
1998-03-10,0,CLIC
1998-03-11,10,CLIC
1998-03-12,12,CLIC
1998-03-13,0.1,CLIC
1998-03-14,0,CLIC
1998-03-15,0,CLIC
1998-03-16,0,CLIC
1998-03-17,0,CLIC
1998-03-18,0,CLIC
1998-03-19,0,CLIC
1998-03-20,0,CLIC
1998-03-21,0,CLIC
1998-03-22,0,CLIC
1998-03-23,0,CLIC
1998-03-24,0,CLIC
1998-03-25,0,CLIC
1998-03-26,0,CLIC
1998-03-27,0,CLIC
1998-03-28,0,CLIC
1998-03-29,0,CLIC
1998-03-30,0,CLIC
1998-03-31,0,CLIC
1998-04-01,0,CLIC
1998-04-02,0,CLIC
1998-04-03,0,CLIC
1998-04-04,0,CLIC
1998-04-05,0,CLIC
1998-04-06,0,CLIC
1998-04-07,0,CLIC
1998-04-08,0,CLIC
1998-04-09,0,CLIC
1998-04-10,0,CLIC
1998-04-11,0,CLIC
1998-04-12,0,CLIC
1998-04-13,0,CLIC
1998-04-14,0,CLIC
1998-04-15,0,CLIC
1998-04-16,0,CLIC
1998-04-17,0.1,CLIC
1998-04-18,0,CLIC
1998-04-19,0,CLIC
1998-04-20,0,CLIC
1998-04-21,0.1,CLIC
1998-04-22,0,CLIC
1998-04-23,0,CLIC
1998-04-24,0,CLIC
1998-04-25,0,CLIC
1998-04-26,0,CLIC
1998-04-27,0.2,CLIC
1998-04-28,0,CLIC
1998-04-29,0,CLIC
1998-04-30,0,CLIC
1998-05-01,0,CLIC
1998-05-02,0,CLIC
1998-05-03,0,CLIC
1998-05-04,0,CLIC
1998-05-05,0,CLIC
1998-05-06,0,CLIC
1998-05-07,0,CLIC
1998-05-08,0,CLIC
1998-05-09,0,CLIC
1998-05-10,0,CLIC
1998-05-11,0,CLIC
1998-05-12,0,CLIC
1998-05-13,0,CLIC
1998-05-14,0,CLIC
1998-05-15,0,CLIC
1998-05-16,0,CLIC
1998-05-17,0,CLIC
1998-05-18,0,CLIC
1998-05-19,0,CLIC
1998-05-20,0,CLIC
1998-05-21,0,CLIC
1998-05-22,0,CLIC
1998-05-23,0,CLIC
1998-05-24,0,CLIC
1998-05-25,0,CLIC
1998-05-26,0,CLIC
1998-05-27,0,CLIC
1998-05-28,0,CLIC
1998-05-29,0,CLIC
1998-05-30,0,CLIC
1998-05-31,0,CLIC
1998-06-01,0,CLIC
1998-06-02,0,CLIC
1998-06-03,0,CLIC
1998-06-04,0,CLIC
1998-06-05,67,CLIC
1998-06-06,0,CLIC
1998-06-07,0,CLIC
1998-06-08,0,CLIC
1998-06-09,0,CLIC
1998-06-10,0,CLIC
1998-06-11,0,CLIC
1998-06-12,0,CLIC
1998-06-13,0,CLIC
1998-06-14,0,CLIC
1998-06-15,0,CLIC
1998-06-16,0,CLIC
1998-06-17,0,CLIC
1998-06-18,0,CLIC
1998-06-19,0,CLIC
1998-06-20,0,CLIC
1998-06-21,0,CLIC
1998-06-22,0,CLIC
1998-06-23,0,CLIC
1998-06-24,0,CLIC
1998-06-25,0,CLIC
1998-06-26,0,CLIC
1998-06-27,0,CLIC
1998-06-28,0,CLIC
1998-06-29,0,CLIC
1998-06-30,0,CLIC
1998-07-01,0,CLIC
1998-07-02,0,CLIC
1998-07-03,6,CLIC
1998-07-04,0,CLIC
1998-07-05,0,CLIC
1998-07-06,0,CLIC
1998-07-07,0,CLIC
1998-07-08,0,CLIC
1998-07-09,0,CLIC
1998-07-10,0,CLIC
1998-07-11,0,CLIC
1998-07-12,0,CLIC
1998-07-13,0,CLIC
1998-07-14,1,CLIC
1998-07-15,0,CLIC
1998-07-16,0,CLIC
1998-07-17,0,CLIC
1998-07-18,0,CLIC
1998-07-19,0,CLIC
1998-07-20,0,CLIC
1998-07-21,0,CLIC
1998-07-22,0,CLIC
1998-07-23,0,CLIC
1998-07-24,0,CLIC
1998-07-25,0,CLIC
1998-07-26,0,CLIC
1998-07-27,0,CLIC
1998-07-28,0,CLIC
1998-07-29,0,CLIC
1998-07-30,0,CLIC
1998-07-31,0,CLIC
1998-08-01,0,CLIC
1998-08-02,0,CLIC
1998-08-03,0,CLIC
1998-08-04,0,CLIC
1998-08-05,0,CLIC
1998-08-06,0.8,CLIC
1998-08-07,0,CLIC
1998-08-08,0,CLIC
1998-08-09,0,CLIC
1998-08-10,0,CLIC
1998-08-11,0,CLIC
1998-08-12,0,CLIC
1998-08-13,0,CLIC
1998-08-14,0.3,CLIC
1998-08-15,0,CLIC
1998-08-16,0,CLIC
1998-08-17,0.8,CLIC
1998-08-18,0,CLIC
1998-08-19,0,CLIC
1998-08-20,32,CLIC
1998-08-21,11,CLIC
1998-08-22,0,CLIC
1998-08-23,0.1,CLIC
1998-08-24,0,CLIC
1998-08-25,0,CLIC
1998-08-26,0.1,CLIC
1998-08-27,0,CLIC
1998-08-28,0.4,CLIC
1998-08-29,0.4,CLIC
1998-08-30,0.6,CLIC
1998-08-31,15,CLIC
1998-09-01,0,CLIC
1998-09-02,0,CLIC
1998-09-03,0,CLIC
1998-09-04,0,CLIC
1998-09-05,0,CLIC
1998-09-06,12,CLIC
1998-09-07,0,CLIC
1998-09-08,0,CLIC
1998-09-09,23,CLIC
1998-09-10,0,CLIC
1998-09-11,0,CLIC
1998-09-12,0,CLIC
1998-09-13,0,CLIC
1998-09-14,20,CLIC
1998-09-15,17,CLIC
1998-09-16,0.4,CLIC
1998-09-17,170,CLIC
1998-09-18,0,CLIC
1998-09-19,0,CLIC
1998-09-20,0,CLIC
1998-09-21,0,CLIC
1998-09-22,0,CLIC
1998-09-23,0.2,CLIC
1998-09-24,10,CLIC
1998-09-25,18,CLIC
1998-09-26,0.1,CLIC
1998-09-27,0,CLIC
1998-09-28,0,CLIC
1998-09-29,0,CLIC
1998-10-01,0,CLIC
1998-10-02,0,CLIC
1998-10-03,0,CLIC
1998-10-04,0,CLIC
1998-10-05,0,CLIC
1998-10-06,0,CLIC
1998-10-07,0,CLIC
1998-10-08,0,CLIC
1998-10-09,0,CLIC
1998-10-10,0,CLIC
1998-10-11,0,CLIC
1998-10-12,45,CLIC
1998-10-13,0,CLIC
1998-10-14,0,CLIC
1998-10-15,0,CLIC
1998-10-16,0,CLIC
1998-10-17,0,CLIC
1998-10-18,34,CLIC
1998-10-19,0,CLIC
1998-10-20,0.2,CLIC
1998-10-21,0.6,CLIC
1998-10-22,0,CLIC
1998-10-23,0,CLIC
1998-10-24,0,CLIC
1998-10-25,0,CLIC
1998-10-26,0,CLIC
1998-10-27,0.2,CLIC
1998-10-28,0,CLIC
1998-10-29,0,CLIC
1998-10-30,0,CLIC
1998-10-31,0,CLIC
1998-11-01,0,CLIC
1998-11-02,0,CLIC
1998-11-03,0.6,CLIC
1998-11-04,45,CLIC
1998-11-08,0,CLIC
1998-11-09,0,CLIC
1998-11-10,0,CLIC
1998-11-11,0,CLIC
1998-11-12,0,CLIC
1998-11-13,0.6,CLIC
1998-11-14,0,CLIC
1998-11-15,0,CLIC
1998-11-16,0,CLIC
1998-11-17,0,CLIC
1998-11-18,0,CLIC
1998-11-19,0,CLIC
1998-11-20,0.5,CLIC
1998-11-21,0,CLIC
1998-11-22,0,CLIC
1998-11-23,0,CLIC
1998-11-24,0,CLIC
1998-11-25,0,CLIC
1998-11-26,0,CLIC
1998-11-27,0,CLIC
1998-11-28,0,CLIC
1998-11-29,0,CLIC
1998-11-30,0,CLIC
1998-12-01,0,CLIC
1998-12-02,0,CLIC
1998-12-03,0,CLIC
1998-12-04,0,CLIC
1998-12-05,0,CLIC
1998-12-06,0,CLIC
1998-12-07,0,CLIC
1998-12-08,0,CLIC
1998-12-09,0,CLIC
1998-12-10,0,CLIC
1998-12-11,0,CLIC
1998-12-12,0,CLIC
1998-12-13,0,CLIC
1998-12-14,0,CLIC
1998-12-15,0,CLIC
1998-12-16,0,CLIC
1998-12-17,0,CLIC
1998-12-18,0,CLIC
1998-12-19,0,CLIC
1998-12-20,0,CLIC
1998-12-21,0,CLIC
1998-12-22,0.1,CLIC
1998-12-23,0.1,CLIC
1998-12-24,0,CLIC
1998-12-25,0,CLIC
1998-12-26,0,CLIC
1998-12-27,0,CLIC
1998-12-28,0,CLIC
1998-12-29,0,CLIC
1998-12-30,0,CLIC
1998-12-31,0,CLIC
1999-01-01,0,CLIC
1999-01-02,0,CLIC
1999-01-03,0,CLIC
1999-01-04,0,CLIC
1999-01-05,0,CLIC
1999-01-06,0,CLIC
1999-01-07,0,CLIC
1999-01-08,0,CLIC
1999-01-09,0,CLIC
1999-01-10,0,CLIC
1999-01-11,0,CLIC
1999-01-12,0,CLIC
1999-01-13,0,CLIC
1999-01-14,0,CLIC
1999-01-15,0,CLIC
1999-01-16,0,CLIC
1999-01-17,0,CLIC
1999-01-18,0,CLIC
1999-01-19,0,CLIC
1999-01-20,0,CLIC
1999-01-21,0,CLIC
1999-01-22,0,CLIC
1999-01-23,0,CLIC
1999-01-24,0,CLIC
1999-01-25,0,CLIC
1999-01-26,0,CLIC
1999-01-27,0,CLIC
1999-01-28,0,CLIC
1999-01-29,0,CLIC
1999-01-30,0,CLIC
1999-01-31,0,CLIC
1999-02-01,0,CLIC
1999-02-02,0,CLIC
1999-02-03,0,CLIC
1999-02-04,0,CLIC
1999-02-05,0,CLIC
1999-02-06,0,CLIC
1999-02-07,0,CLIC
1999-02-08,0,CLIC
1999-02-09,0,CLIC
1999-02-10,0,CLIC
1999-02-11,0,CLIC
1999-02-12,0,CLIC
1999-02-13,0,CLIC
1999-02-14,0,CLIC
1999-02-15,0,CLIC
1999-02-16,0,CLIC
1999-02-17,0,CLIC
1999-02-18,0,CLIC
1999-02-19,0,CLIC
1999-02-20,0,CLIC
1999-02-21,0,CLIC
1999-02-22,0,CLIC
1999-02-23,0,CLIC
1999-02-24,0,CLIC
1999-02-25,0,CLIC
1999-02-26,0,CLIC
1999-02-27,0,CLIC
1999-02-28,0,CLIC
1999-03-01,0,CLIC
1999-03-02,0,CLIC
1999-03-03,0,CLIC
1999-03-04,0,CLIC
1999-03-05,0,CLIC
1999-03-06,2.5,CLIC
1999-03-07,0,CLIC
1999-03-08,0,CLIC
1999-03-09,0,CLIC
1999-03-10,0,CLIC
1999-03-11,0,CLIC
1999-03-12,0,CLIC
1999-03-13,0,CLIC
1999-03-14,0,CLIC
1999-03-15,0,CLIC
1999-03-16,0,CLIC
1999-03-17,0,CLIC
1999-03-18,0,CLIC
1999-03-19,0,CLIC
1999-03-20,0,CLIC
1999-03-21,1,CLIC
1999-03-22,0,CLIC
1999-03-23,0,CLIC
1999-04-07,0,CLIC
1999-04-08,0,CLIC
1999-04-09,0,CLIC
1999-04-10,0,CLIC
1999-04-11,0.2,CLIC
1999-04-12,0.2,CLIC
1999-04-13,0,CLIC
1999-04-14,0,CLIC
1999-04-15,0,CLIC
1999-04-16,0,CLIC
1999-04-17,0,CLIC
1999-04-18,0,CLIC
1999-04-19,0,CLIC
1999-04-20,0,CLIC
1999-04-21,0,CLIC
1999-04-22,0,CLIC
1999-04-23,0,CLIC
1999-04-24,0.2,CLIC
1999-04-25,0,CLIC
1999-04-26,0,CLIC
1999-04-27,0,CLIC
1999-04-28,0,CLIC
1999-04-29,0,CLIC
1999-04-30,0.5,CLIC
1999-05-01,14,CLIC
1999-05-02,0,CLIC
1999-05-03,0,CLIC
1999-05-04,0,CLIC
1999-05-05,0,CLIC
1999-05-06,0,CLIC
1999-05-07,0,CLIC
1999-05-08,0,CLIC
1999-05-09,0,CLIC
1999-05-10,0,CLIC
1999-05-11,11,CLIC
1999-05-12,0,CLIC
1999-05-13,0,CLIC
1999-05-14,0,CLIC
1999-05-15,0,CLIC
1999-05-16,0,CLIC
1999-05-17,33,CLIC
1999-05-18,0,CLIC
1999-05-19,0,CLIC
1999-05-20,0,CLIC
1999-05-21,0,CLIC
1999-05-22,0,CLIC
1999-05-23,0,CLIC
1999-05-24,0,CLIC
1999-05-25,0,CLIC
1999-05-26,0.3,CLIC
1999-05-27,0,CLIC
1999-05-28,0,CLIC
1999-05-29,0,CLIC
1999-05-30,0,CLIC
1999-05-31,0,CLIC
1999-06-01,0,CLIC
1999-06-02,0,CLIC
1999-06-03,0,CLIC
1999-06-04,0,CLIC
1999-06-05,0,CLIC
1999-06-06,0,CLIC
1999-06-07,0,CLIC
1999-06-08,0,CLIC
1999-06-09,0,CLIC
1999-06-10,0,CLIC
1999-06-11,0,CLIC
1999-06-12,0,CLIC
1999-06-13,31,CLIC
1999-06-14,42,CLIC
1999-06-15,0,CLIC
1999-06-16,19,CLIC
1999-06-17,0.1,CLIC
1999-06-18,20,CLIC
1999-06-19,0.5,CLIC
1999-06-20,27.5,CLIC
1999-06-21,10.5,CLIC
1999-06-22,0,CLIC
1999-06-23,0,CLIC
1999-06-24,0,CLIC
1999-06-25,0,CLIC
1999-06-26,0,CLIC
1999-06-27,0,CLIC
1999-06-28,0,CLIC
1999-06-29,0,CLIC
1999-06-30,0,CLIC
1999-07-01,0,CLIC
1999-07-02,10,CLIC
1999-07-03,16,CLIC
1999-07-04,53,CLIC
1999-07-05,0.1,CLIC
1999-07-06,0,CLIC
1999-07-07,0,CLIC
1999-07-08,0,CLIC
1999-07-09,0,CLIC
1999-07-10,0,CLIC
1999-07-11,0,CLIC
1999-07-12,0,CLIC
1999-07-13,0,CLIC
1999-07-14,0,CLIC
1999-07-15,0,CLIC
1999-07-16,0,CLIC
1999-07-17,0,CLIC
1999-07-18,0.3,CLIC
1999-07-19,0,CLIC
1999-07-20,0.1,CLIC
1999-07-21,0,CLIC
1999-07-22,0,CLIC
1999-07-23,0,CLIC
1999-07-24,0,CLIC
1999-07-25,0,CLIC
1999-07-26,0,CLIC
1999-07-27,0,CLIC
1999-07-28,0,CLIC
1999-07-29,0,CLIC
1999-07-30,0,CLIC
1999-07-31,0,CLIC
1999-08-01,0,CLIC
1999-08-02,0,CLIC
1999-08-03,0,CLIC
1999-08-04,0,CLIC
1999-08-05,0,CLIC
1999-08-06,0,CLIC
1999-08-07,0,CLIC
1999-08-08,0,CLIC
1999-08-09,0,CLIC
1999-08-10,0,CLIC
1999-08-11,0,CLIC
1999-08-12,0,CLIC
1999-08-13,0,CLIC
1999-08-14,0,CLIC
1999-08-15,0,CLIC
1999-08-16,0,CLIC
1999-08-17,0,CLIC
1999-08-18,0.1,CLIC
1999-08-19,0,CLIC
1999-08-20,0,CLIC
1999-08-21,0,CLIC
1999-08-22,0,CLIC
1999-08-23,0,CLIC
1999-08-24,46,CLIC
1999-08-25,0,CLIC
1999-08-26,0,CLIC
1999-08-27,0,CLIC
1999-08-28,0,CLIC
1999-08-29,0,CLIC
1999-08-30,0,CLIC
1999-08-31,0,CLIC
1999-09-01,0,CLIC
1999-09-02,0,CLIC
1999-09-03,0,CLIC
1999-09-04,0,CLIC
1999-09-05,0,CLIC
1999-09-06,0.6,CLIC
1999-09-07,36,CLIC
1999-09-08,0.6,CLIC
1999-09-09,0.4,CLIC
1999-09-10,0,CLIC
1999-09-11,0,CLIC
1999-09-12,0,CLIC
1999-09-13,0,CLIC
1999-09-14,0,CLIC
1999-09-15,0,CLIC
1999-09-16,0,CLIC
1999-09-17,0,CLIC
1999-09-18,0,CLIC
1999-09-19,0.3,CLIC
1999-09-20,0,CLIC
1999-09-21,0,CLIC
1999-09-22,0,CLIC
1999-09-23,0,CLIC
1999-09-24,0,CLIC
1999-09-25,0,CLIC
1999-09-26,0,CLIC
1999-09-27,0,CLIC
1999-09-28,30,CLIC
1999-09-29,16,CLIC
1999-09-30,0,CLIC
1999-10-01,0,CLIC
1999-10-02,0,CLIC
1999-10-03,0,CLIC
1999-10-04,26,CLIC
1999-10-05,0,CLIC
1999-10-06,0,CLIC
1999-10-07,0,CLIC
1999-10-08,0,CLIC
1999-10-09,0,CLIC
1999-10-10,0,CLIC
1999-10-11,0,CLIC
1999-10-12,0,CLIC
1999-10-13,0,CLIC
1999-10-14,0,CLIC
1999-10-15,0,CLIC
1999-10-16,0,CLIC
1999-10-17,17.5,CLIC
1999-10-18,0,CLIC
1999-10-19,0,CLIC
1999-10-20,0,CLIC
1999-10-21,0,CLIC
1999-10-22,0,CLIC
1999-10-23,0,CLIC
1999-10-24,0,CLIC
1999-10-25,0,CLIC
1999-10-26,0,CLIC
1999-10-27,0,CLIC
1999-10-28,0,CLIC
1999-10-29,0,CLIC
1999-10-30,0,CLIC
1999-10-31,0,CLIC
1999-11-01,0,CLIC
1999-11-02,0,CLIC
1999-11-03,0,CLIC
1999-11-04,0,CLIC
1999-11-05,0,CLIC
1999-11-06,0,CLIC
1999-11-07,0,CLIC
1999-11-08,0,CLIC
1999-11-09,0,CLIC
1999-11-10,0,CLIC
1999-11-11,0,CLIC
1999-11-12,0,CLIC
1999-11-13,0,CLIC
1999-11-14,0,CLIC
1999-11-15,0,CLIC
1999-11-16,0,CLIC
1999-11-17,0,CLIC
1999-11-18,0,CLIC
1999-11-19,0,CLIC
1999-11-20,0,CLIC
1999-11-21,0,CLIC
1999-11-22,0,CLIC
1999-11-23,0,CLIC
1999-11-24,0,CLIC
1999-11-25,0,CLIC
1999-11-26,0,CLIC
1999-11-27,0,CLIC
1999-11-28,0,CLIC
1999-11-29,0,CLIC
1999-11-30,0,CLIC
1999-12-01,0,CLIC
1999-12-02,0,CLIC
1999-12-03,0,CLIC
1999-12-04,0,CLIC
1999-12-05,0,CLIC
1999-12-06,0,CLIC
1999-12-07,0,CLIC
1999-12-08,0,CLIC
1999-12-09,0,CLIC
1999-12-10,0,CLIC
1999-12-11,0,CLIC
1999-12-12,0,CLIC
1999-12-13,0,CLIC
1999-12-14,0,CLIC
1999-12-15,0,CLIC
1999-12-16,0,CLIC
1999-12-17,0,CLIC
1999-12-18,0,CLIC
1999-12-19,0,CLIC
1999-12-20,0,CLIC
1999-12-21,0,CLIC
1999-12-22,0.3,CLIC
1999-12-23,0.4,CLIC
1999-12-24,0.3,CLIC
1999-12-25,0.3,CLIC
1999-12-26,0.3,CLIC
1999-12-27,0,CLIC
1999-12-28,0,CLIC
1999-12-29,0,CLIC
1999-12-30,0,CLIC
1999-12-31,0,CLIC
2000-01-01,0,CLIC
2000-01-02,0,CLIC
2000-01-03,0,CLIC
2000-01-04,0,CLIC
2000-01-05,0,CLIC
2000-01-06,0,CLIC
2000-01-07,0,CLIC
2000-01-08,0,CLIC
2000-01-09,0,CLIC
2000-01-10,0,CLIC
2000-01-11,0,CLIC
2000-01-12,0,CLIC
2000-01-13,0,CLIC
2000-01-14,0.1,CLIC
2000-01-15,0.1,CLIC
2000-01-16,0,CLIC
2000-01-17,0,CLIC
2000-01-18,0,CLIC
2000-01-19,0,CLIC
2000-01-20,0,CLIC
2000-01-21,0,CLIC
2000-01-22,0,CLIC
2000-01-23,0,CLIC
2000-01-24,0,CLIC
2000-01-25,0,CLIC
2000-01-26,0,CLIC
2000-01-27,0,CLIC
2000-01-28,0,CLIC
2000-01-29,0.1,CLIC
2000-01-30,0,CLIC
2000-01-31,0,CLIC
2000-02-01,12,CLIC
2000-02-02,0,CLIC
2000-02-03,0,CLIC
2000-02-04,0,CLIC
2000-02-05,0,CLIC
2000-02-06,0,CLIC
2000-02-07,0,CLIC
2000-02-08,0,CLIC
2000-02-09,0,CLIC
2000-02-10,0,CLIC
2000-02-11,0,CLIC
2000-02-12,0,CLIC
2000-02-13,0,CLIC
2000-02-14,0,CLIC
2000-02-15,0,CLIC
2000-02-16,0,CLIC
2000-02-17,0,CLIC
2000-02-18,0,CLIC
2000-02-19,11,CLIC
2000-02-20,0.3,CLIC
2000-02-21,0,CLIC
2000-02-22,0,CLIC
2000-02-23,0,CLIC
2000-02-24,0,CLIC
2000-02-25,0,CLIC
2000-02-26,0,CLIC
2000-02-27,0,CLIC
2000-02-28,0,CLIC
2000-02-29,0,CLIC
2000-03-01,0,CLIC
2000-03-02,0,CLIC
2000-03-03,0,CLIC
2000-03-04,6,CLIC
2000-03-05,0,CLIC
2000-03-06,0,CLIC
2000-03-07,0,CLIC
2000-03-08,0,CLIC
2000-03-09,0,CLIC
2000-03-10,0,CLIC
2000-03-11,0,CLIC
2000-03-12,0,CLIC
2000-03-13,2,CLIC
2000-03-14,2,CLIC
2000-03-15,0,CLIC
2000-03-16,0,CLIC
2000-03-17,0,CLIC
2000-03-18,0,CLIC
2000-03-19,0,CLIC
2000-03-20,0,CLIC
2000-03-21,0,CLIC
2000-03-22,0,CLIC
2000-03-23,0,CLIC
2000-03-24,0,CLIC
2000-03-25,0,CLIC
2000-03-26,0,CLIC
2000-03-27,0,CLIC
2000-03-28,0,CLIC
2000-03-29,0,CLIC
2000-03-30,0,CLIC
2000-03-31,0,CLIC
2000-04-01,0,CLIC
2000-04-02,0,CLIC
2000-04-03,0,CLIC
2000-04-04,0,CLIC
2000-04-05,0,CLIC
2000-04-06,0,CLIC
2000-04-07,0,CLIC
2000-04-08,0,CLIC
2000-04-09,0,CLIC
2000-04-10,0,CLIC
2000-04-11,0,CLIC
2000-04-12,1,CLIC
2000-04-13,0,CLIC
2000-04-14,0,CLIC
2000-04-15,0,CLIC
2000-04-16,0,CLIC
2000-04-17,0,CLIC
2000-04-18,0,CLIC
2000-04-19,0,CLIC
2000-04-20,0,CLIC
2000-04-21,14,CLIC
2000-04-22,0,CLIC
2000-04-23,0,CLIC
2000-04-24,0,CLIC
2000-04-25,0,CLIC
2000-04-26,0,CLIC
2000-04-27,0,CLIC
2000-04-28,0,CLIC
2000-04-29,0,CLIC
2000-04-30,0,CLIC
2000-05-01,0,CLIC
2000-05-02,19,CLIC
2000-05-03,0,CLIC
2000-05-04,0,CLIC
2000-05-05,0,CLIC
2000-05-06,0,CLIC
2000-05-07,0,CLIC
2000-05-08,0,CLIC
2000-05-09,0,CLIC
2000-05-10,0,CLIC
2000-05-11,0,CLIC
2000-05-12,49,CLIC
2000-05-13,0,CLIC
2000-05-14,0,CLIC
2000-05-15,0,CLIC
2000-05-16,0,CLIC
2000-05-17,0,CLIC
2000-05-18,0,CLIC
2000-05-19,0,CLIC
2000-05-20,2,CLIC
2000-05-21,0,CLIC
2000-05-22,0,CLIC
2000-05-23,0,CLIC
2000-05-24,0,CLIC
2000-05-25,0,CLIC
2000-05-26,0,CLIC
2000-05-27,20,CLIC
2000-05-28,0,CLIC
2000-05-29,0,CLIC
2000-05-30,0,CLIC
2000-05-31,0,CLIC
2000-06-01,0,CLIC
2000-06-02,0,CLIC
2000-06-03,0,CLIC
2000-06-04,11,CLIC
2000-06-05,43,CLIC
2000-06-06,0,CLIC
2000-06-07,0,CLIC
2000-06-08,1,CLIC
2000-06-09,1,CLIC
2000-06-10,3,CLIC
2000-06-11,0,CLIC
2000-06-12,0,CLIC
2000-06-13,0,CLIC
2000-06-14,0,CLIC
2000-06-15,0,CLIC
2000-06-16,0,CLIC
2000-06-17,16,CLIC
2000-06-18,0,CLIC
2000-06-19,0,CLIC
2000-06-20,0,CLIC
2000-06-21,0,CLIC
2000-06-22,0,CLIC
2000-06-23,0,CLIC
2000-06-24,0,CLIC
2000-06-25,0,CLIC
2000-06-26,0,CLIC
2000-06-27,0,CLIC
2000-06-28,0,CLIC
2000-06-29,0,CLIC
2000-06-30,0,CLIC
2000-07-01,0,CLIC
2000-07-02,0,CLIC
2000-07-03,0,CLIC
2000-07-04,0,CLIC
2000-07-05,0,CLIC
2000-07-06,0,CLIC
2000-07-07,0,CLIC
2000-07-08,0,CLIC
2000-07-09,0,CLIC
2000-07-10,0,CLIC
2000-07-11,0,CLIC
2000-07-12,0,CLIC
2000-07-13,0,CLIC
2000-07-14,0,CLIC
2000-07-15,0,CLIC
2000-07-16,0,CLIC
2000-07-17,0,CLIC
2000-07-18,0,CLIC
2000-07-19,0,CLIC
2000-07-20,0,CLIC
2000-07-21,0,CLIC
2000-07-22,0,CLIC
2000-07-23,0,CLIC
2000-07-24,0,CLIC
2000-07-25,0,CLIC
2000-07-26,0,CLIC
2000-07-27,0,CLIC
2000-07-28,0,CLIC
2000-07-29,0,CLIC
2000-07-30,0,CLIC
2000-07-31,0,CLIC
2000-08-01,0,CLIC
2000-08-02,15,CLIC
2000-08-03,0,CLIC
2000-08-04,0,CLIC
2000-08-05,0,CLIC
2000-08-06,0,CLIC
2000-08-07,0,CLIC
2000-08-08,0,CLIC
2000-08-09,0,CLIC
2000-08-10,0,CLIC
2000-08-11,0,CLIC
2000-08-12,0,CLIC
2000-08-13,0,CLIC
2000-08-14,5,CLIC
2000-08-15,61,CLIC
2000-08-16,0,CLIC
2000-08-17,0,CLIC
2000-08-18,0,CLIC
2000-08-19,0,CLIC
2000-08-20,0,CLIC
2000-08-21,0,CLIC
2000-08-22,0,CLIC
2000-08-23,0,CLIC
2000-08-24,0,CLIC
2000-08-25,0,CLIC
2000-08-26,0,CLIC
2000-08-27,0,CLIC
2000-08-28,0,CLIC
2000-08-29,0,CLIC
2000-08-30,0,CLIC
2000-08-31,0,CLIC
2000-09-01,0,CLIC
2000-09-02,0,CLIC
2000-09-03,0,CLIC
2000-09-04,0,CLIC
2000-09-05,0,CLIC
2000-09-06,0,CLIC
2000-09-07,0,CLIC
2000-09-08,0,CLIC
2000-09-09,0,CLIC
2000-09-10,0,CLIC
2000-09-11,0,CLIC
2000-09-12,0,CLIC
2000-09-13,1,CLIC
2000-09-14,76,CLIC
2000-09-15,14,CLIC
2000-09-16,0,CLIC
2000-09-17,0,CLIC
2000-09-18,0,CLIC
2000-09-19,0,CLIC
2000-09-20,0,CLIC
2000-09-21,0,CLIC
2000-09-22,0,CLIC
2000-09-23,0,CLIC
2000-09-24,42,CLIC
2000-09-25,0,CLIC
2000-09-26,0,CLIC
2000-09-27,0,CLIC
2000-09-28,0,CLIC
2000-09-29,0,CLIC
2000-09-30,0,CLIC
2000-10-01,0,CLIC
2000-10-02,0,CLIC
2000-10-03,0,CLIC
2000-10-04,0,CLIC
2000-10-05,0.5,CLIC
2000-10-06,79,CLIC
2000-10-07,15,CLIC
2000-10-08,0,CLIC
2000-10-09,0.2,CLIC
2000-10-10,0.1,CLIC
2000-10-11,0.1,CLIC
2000-10-12,4,CLIC
2000-10-13,0,CLIC
2000-10-14,0.1,CLIC
2000-10-15,0,CLIC
2000-10-16,0,CLIC
2000-10-17,6,CLIC
2000-10-18,16,CLIC
2000-10-19,0,CLIC
2000-10-20,0,CLIC
2000-10-21,3,CLIC
2000-10-22,0,CLIC
2000-10-23,0,CLIC
2000-10-24,0,CLIC
2000-10-25,0,CLIC
2000-10-26,0,CLIC
2000-10-27,0,CLIC
2000-10-28,0,CLIC
2000-10-29,0,CLIC
2000-10-30,0,CLIC
2000-10-31,0,CLIC
2000-11-01,0,CLIC
2000-11-02,4,CLIC
2000-11-03,7,CLIC
2000-11-04,26,CLIC
2000-11-05,1,CLIC
2000-11-06,0,CLIC
2000-11-07,0,CLIC
2000-11-08,0,CLIC
2000-11-09,0,CLIC
2000-11-10,0,CLIC
2000-11-11,0,CLIC
2000-11-12,0,CLIC
2000-11-13,0,CLIC
2000-11-14,0,CLIC
2000-11-15,0,CLIC
2000-11-16,1,CLIC
2000-11-17,0,CLIC
2000-11-18,0,CLIC
2000-11-19,0,CLIC
2000-11-20,0,CLIC
2000-11-21,0,CLIC
2000-11-22,0,CLIC
2000-11-23,0,CLIC
2000-11-24,0,CLIC
2000-11-25,0,CLIC
2000-11-26,0,CLIC
2000-11-27,0,CLIC
2000-11-28,0,CLIC
2000-11-29,4,CLIC
2000-11-30,2,CLIC
2000-12-01,1,CLIC
2000-12-02,1,CLIC
2000-12-03,6,CLIC
2000-12-04,1,CLIC
2000-12-05,1,CLIC
2000-12-06,0,CLIC
2000-12-07,0,CLIC
2000-12-08,0,CLIC
2000-12-09,0,CLIC
2000-12-10,0,CLIC
2000-12-11,2,CLIC
2000-12-12,2,CLIC
2000-12-13,0,CLIC
2000-12-14,0,CLIC
2000-12-15,0,CLIC
2000-12-16,0,CLIC
2000-12-17,0,CLIC
2000-12-18,0,CLIC
2000-12-19,0,CLIC
2000-12-20,0,CLIC
2000-12-21,0,CLIC
2000-12-22,0,CLIC
2000-12-23,0,CLIC
2000-12-24,2,CLIC
2000-12-25,0,CLIC
2000-12-26,0,CLIC
2000-12-27,0,CLIC
2000-12-28,0,CLIC
2000-12-29,0,CLIC
2000-12-30,0,CLIC
2000-12-31,0,CLIC
2001-01-01,0.3,CLIC
2001-01-02,0.5,CLIC
2001-01-03,0,CLIC
2001-01-04,0,CLIC
2001-01-05,0,CLIC
2001-01-06,0,CLIC
2001-01-07,0,CLIC
2001-01-08,0,CLIC
2001-01-09,0,CLIC
2001-01-10,0,CLIC
2001-01-11,0,CLIC
2001-01-12,0,CLIC
2001-01-13,0,CLIC
2001-01-14,0,CLIC
2001-01-15,0.1,CLIC
2001-01-16,0,CLIC
2001-01-17,0.2,CLIC
2001-01-18,0,CLIC
2001-01-19,0,CLIC
2001-01-20,0,CLIC
2001-01-21,0,CLIC
2001-01-22,0,CLIC
2001-01-23,0,CLIC
2001-01-24,0.5,CLIC
2001-01-25,0.3,CLIC
2001-01-26,0,CLIC
2001-01-27,0,CLIC
2001-01-28,0,CLIC
2001-01-29,0,CLIC
2001-01-30,0,CLIC
2001-01-31,0,CLIC
2001-02-01,0.8,CLIC
2001-02-02,0.7,CLIC
2001-02-03,0,CLIC
2001-02-04,0,CLIC
2001-02-05,0,CLIC
2001-02-06,0,CLIC
2001-02-07,0,CLIC
2001-02-08,0,CLIC
2001-02-09,0,CLIC
2001-02-10,0,CLIC
2001-02-11,0,CLIC
2001-02-12,0.1,CLIC
2001-02-13,0,CLIC
2001-02-14,0,CLIC
2001-02-15,0,CLIC
2001-02-16,0,CLIC
2001-02-17,0,CLIC
2001-02-18,0,CLIC
2001-02-19,0,CLIC
2001-02-20,0,CLIC
2001-02-21,0,CLIC
2001-02-22,0,CLIC
2001-02-23,0,CLIC
2001-02-24,0,CLIC
2001-02-25,0,CLIC
2001-02-26,0,CLIC
2001-02-27,0,CLIC
2001-02-28,0.3,CLIC
2001-03-01,0.2,CLIC
2001-03-02,0,CLIC
2001-03-03,0,CLIC
2001-03-04,0,CLIC
2001-03-05,0,CLIC
2001-03-06,0,CLIC
2001-03-07,0,CLIC
2001-03-08,0,CLIC
2001-03-09,0,CLIC
2001-03-10,0,CLIC
2001-03-11,0,CLIC
2001-03-12,0,CLIC
2001-03-13,0,CLIC
2001-03-14,0,CLIC
2001-03-15,0,CLIC
2001-03-16,0.3,CLIC
2001-03-17,0,CLIC
2001-03-18,0,CLIC
2001-03-19,0,CLIC
2001-03-20,0,CLIC
2001-03-21,0,CLIC
2001-03-22,0,CLIC
2001-03-23,0,CLIC
2001-03-24,0,CLIC
2001-03-25,0,CLIC
2001-03-26,0,CLIC
2001-03-27,0,CLIC
2001-03-28,0,CLIC
2001-03-29,0,CLIC
2001-03-30,0,CLIC
2001-03-31,0,CLIC
2001-04-01,0,CLIC
2001-04-02,0,CLIC
2001-04-03,0,CLIC
2001-04-04,0,CLIC
2001-04-05,0,CLIC
2001-04-06,0,CLIC
2001-04-07,0,CLIC
2001-04-08,0,CLIC
2001-04-09,0,CLIC
2001-04-10,0,CLIC
2001-04-11,0,CLIC
2001-04-12,0,CLIC
2001-04-13,0,CLIC
2001-04-14,0,CLIC
2001-04-15,0,CLIC
2001-04-16,0,CLIC
2001-04-17,22,CLIC
2001-04-18,0.2,CLIC
2001-04-19,0,CLIC
2001-04-20,0,CLIC
2001-04-21,0,CLIC
2001-04-22,0.1,CLIC
2001-04-23,0,CLIC
2001-04-24,10,CLIC
2001-04-25,0,CLIC
2001-04-26,0.3,CLIC
2001-04-27,0,CLIC
2001-04-28,0,CLIC
2001-04-29,0,CLIC
2001-04-30,0,CLIC
2001-05-01,0,CLIC
2001-05-02,0,CLIC
2001-05-03,0,CLIC
2001-05-04,0,CLIC
2001-05-05,0,CLIC
2001-05-06,0,CLIC
2001-05-07,0.2,CLIC
2001-05-08,0,CLIC
2001-05-09,0,CLIC
2001-05-10,0,CLIC
2001-05-11,0.4,CLIC
2001-05-12,11,CLIC
2001-05-13,0,CLIC
2001-05-14,0,CLIC
2001-05-15,0,CLIC
2001-05-16,0,CLIC
2001-05-17,0,CLIC
2001-05-18,0,CLIC
2001-05-19,0.1,CLIC
2001-05-20,0,CLIC
2001-05-21,40,CLIC
2001-05-22,0,CLIC
2001-05-23,0,CLIC
2001-05-24,0,CLIC
2001-05-25,0,CLIC
2001-05-26,0,CLIC
2001-05-27,0,CLIC
2001-05-28,0,CLIC
2001-05-29,0,CLIC
2001-05-30,0,CLIC
2001-05-31,0,CLIC
2001-06-01,0,CLIC
2001-06-02,0,CLIC
2001-06-03,0,CLIC
2001-06-04,0.8,CLIC
2001-06-05,0,CLIC
2001-06-06,0,CLIC
2001-06-07,0,CLIC
2001-06-08,0,CLIC
2001-06-09,0,CLIC
2001-06-10,0,CLIC
2001-06-11,0,CLIC
2001-06-12,0,CLIC
2001-06-13,0,CLIC
2001-06-14,0,CLIC
2001-06-15,40,CLIC
2001-06-16,0,CLIC
2001-06-17,0,CLIC
2001-06-18,0,CLIC
2001-06-19,0,CLIC
2001-06-20,0,CLIC
2001-06-21,0,CLIC
2001-06-22,20,CLIC
2001-06-23,0,CLIC
2001-06-24,0,CLIC
2001-06-25,0.2,CLIC
2001-06-26,0.1,CLIC
2001-06-27,0,CLIC
2001-06-28,0,CLIC
2001-06-29,0,CLIC
2001-06-30,0,CLIC
2001-07-01,0,CLIC
2001-07-02,16,CLIC
2001-07-03,15,CLIC
2001-07-04,0,CLIC
2001-07-05,0,CLIC
2001-07-06,0,CLIC
2001-07-07,0,CLIC
2001-07-08,0,CLIC
2001-07-09,0,CLIC
2001-07-10,0,CLIC
2001-07-11,0,CLIC
2001-07-12,0,CLIC
2001-07-13,0,CLIC
2001-07-14,0,CLIC
2001-07-15,0,CLIC
2001-07-16,0,CLIC
2001-07-17,0,CLIC
2001-07-18,0,CLIC
2001-07-19,0,CLIC
2001-07-20,0,CLIC
2001-07-21,0,CLIC
2001-07-22,0,CLIC
2001-07-23,0,CLIC
2001-07-24,0,CLIC
2001-07-25,50,CLIC
2001-07-26,0.4,CLIC
2001-07-27,0,CLIC
2001-07-28,0,CLIC
2001-07-29,0,CLIC
2001-07-30,0,CLIC
2001-07-31,0,CLIC
2001-08-01,0,CLIC
2001-08-02,0,CLIC
2001-08-03,0.2,CLIC
2001-08-04,0,CLIC
2001-08-05,0,CLIC
2001-08-06,0,CLIC
2001-08-07,14,CLIC
2001-08-08,0,CLIC
2001-08-09,0,CLIC
2001-08-10,0,CLIC
2001-08-11,0,CLIC
2001-08-12,0,CLIC
2001-08-13,0,CLIC
2001-08-14,0,CLIC
2001-08-15,0,CLIC
2001-08-16,0,CLIC
2001-08-17,0,CLIC
2001-08-18,0,CLIC
2001-08-19,0.5,CLIC
2001-08-20,0,CLIC
2001-08-21,0,CLIC
2001-08-22,0,CLIC
2001-08-23,0,CLIC
2001-08-24,0,CLIC
2001-08-25,0,CLIC
2001-08-26,0,CLIC
2001-08-27,0,CLIC
2001-08-28,0.4,CLIC
2001-08-29,0.5,CLIC
2001-08-30,0,CLIC
2001-08-31,0.1,CLIC
2001-09-01,0,CLIC
2001-09-02,0.3,CLIC
2001-09-03,0,CLIC
2001-09-04,0,CLIC
2001-09-05,0,CLIC
2001-09-06,0,CLIC
2001-09-07,0,CLIC
2001-09-08,0,CLIC
2001-09-09,63,CLIC
2001-09-10,113,CLIC
2001-09-11,17,CLIC
2001-09-12,0.8,CLIC
2001-09-13,0,CLIC
2001-09-14,0,CLIC
2001-09-15,0,CLIC
2001-09-16,0,CLIC
2001-09-17,0,CLIC
2001-09-18,0,CLIC
2001-09-19,0,CLIC
2001-09-20,39,CLIC
2001-09-21,0.5,CLIC
2001-09-22,108,CLIC
2001-09-23,50,CLIC
2001-09-24,0.5,CLIC
2001-09-25,0,CLIC
2001-09-26,0,CLIC
2001-09-27,0,CLIC
2001-09-28,0,CLIC
2001-09-29,0,CLIC
2001-09-30,0,CLIC
2001-10-01,0,CLIC
2001-10-02,0,CLIC
2001-10-03,0,CLIC
2001-10-04,0.3,CLIC
2001-10-05,0,CLIC
2001-10-06,0,CLIC
2001-10-07,0.1,CLIC
2001-10-08,0,CLIC
2001-10-09,0,CLIC
2001-10-10,0,CLIC
2001-10-11,0,CLIC
2001-10-12,0,CLIC
2001-10-13,0,CLIC
2001-10-14,0,CLIC
2001-10-15,0,CLIC
2001-10-16,0,CLIC
2001-10-17,0,CLIC
2001-10-18,0,CLIC
2001-10-19,0,CLIC
2001-10-20,0,CLIC
2001-10-21,0,CLIC
2001-10-22,0,CLIC
2001-10-23,0,CLIC
2001-10-24,0,CLIC
2001-10-25,39,CLIC
2001-10-26,154,CLIC
2001-10-27,0.1,CLIC
2001-10-28,0,CLIC
2001-10-29,0,CLIC
2001-10-30,0,CLIC
2001-10-31,0,CLIC
2001-11-01,0,CLIC
2001-11-02,0,CLIC
2001-11-03,0.7,CLIC
2001-11-04,0,CLIC
2001-11-05,0,CLIC
2001-11-06,0,CLIC
2001-11-07,0,CLIC
2001-11-08,0,CLIC
2001-11-09,0.7,CLIC
2001-11-10,0.5,CLIC
2001-11-11,0,CLIC
2001-11-12,0,CLIC
2001-11-13,0,CLIC
2001-11-14,0,CLIC
2001-11-15,0,CLIC
2001-11-16,0.9,CLIC
2001-11-17,12,CLIC
2001-11-18,0,CLIC
2001-11-19,43,CLIC
2001-11-20,0.2,CLIC
2001-11-21,0,CLIC
2001-11-22,0,CLIC
2001-11-23,0,CLIC
2001-11-24,0,CLIC
2001-11-25,0,CLIC
2001-11-26,0,CLIC
2001-11-27,0,CLIC
2001-11-28,0,CLIC
2001-11-29,0,CLIC
2001-11-30,0,CLIC
2001-12-01,0,CLIC
2001-12-02,0.1,CLIC
2001-12-03,0,CLIC
2001-12-04,0,CLIC
2001-12-05,0,CLIC
2001-12-06,0,CLIC
2001-12-07,0,CLIC
2001-12-08,0,CLIC
2001-12-09,0,CLIC
2001-12-10,0,CLIC
2001-12-11,0,CLIC
2001-12-12,0,CLIC
2001-12-13,0,CLIC
2001-12-14,0,CLIC
2001-12-15,0,CLIC
2001-12-16,0,CLIC
2001-12-17,0,CLIC
2001-12-18,0,CLIC
2001-12-19,0,CLIC
2001-12-20,0,CLIC
2001-12-21,0,CLIC
2001-12-22,0,CLIC
2001-12-23,0,CLIC
2001-12-24,0.1,CLIC
2001-12-25,0,CLIC
2001-12-26,0,CLIC
2001-12-27,0,CLIC
2001-12-28,0,CLIC
2001-12-29,0,CLIC
2001-12-30,0,CLIC
2001-12-31,0,CLIC
2002-01-01,0,CLIC
2002-01-02,0,CLIC
2002-01-03,0,CLIC
2002-01-04,0,CLIC
2002-01-05,0,CLIC
2002-01-06,0,CLIC
2002-01-07,0,CLIC
2002-01-08,0,CLIC
2002-01-09,0,CLIC
2002-01-10,0,CLIC
2002-01-11,0,CLIC
2002-01-12,0,CLIC
2002-01-13,0,CLIC
2002-01-14,0,CLIC
2002-01-15,0,CLIC
2002-01-16,0,CLIC
2002-01-17,0,CLIC
2002-01-18,0,CLIC
2002-01-19,0,CLIC
2002-01-20,0,CLIC
2002-01-21,0,CLIC
2002-01-22,0,CLIC
2002-01-23,0,CLIC
2002-01-24,0,CLIC
2002-01-25,0,CLIC
2002-01-26,0,CLIC
2002-01-27,0,CLIC
2002-01-28,0,CLIC
2002-01-29,0,CLIC
2002-01-30,0,CLIC
2002-01-31,0,CLIC
2002-02-01,0,CLIC
2002-02-02,0,CLIC
2002-02-03,0,CLIC
2002-02-04,0.2,CLIC
2002-02-05,0.2,CLIC
2002-02-06,0,CLIC
2002-02-07,0,CLIC
2002-02-08,0,CLIC
2002-02-09,0,CLIC
2002-02-10,0,CLIC
2002-02-11,0.1,CLIC
2002-02-12,0,CLIC
2002-02-13,0,CLIC
2002-02-14,0,CLIC
2002-02-15,0,CLIC
2002-02-16,0,CLIC
2002-02-17,0,CLIC
2002-02-18,0,CLIC
2002-02-19,0,CLIC
2002-02-20,0,CLIC
2002-02-21,0,CLIC
2002-02-22,0,CLIC
2002-02-23,0,CLIC
2002-02-24,0,CLIC
2002-02-25,0,CLIC
2002-02-26,0,CLIC
2002-02-27,0,CLIC
2002-02-28,0,CLIC
2002-03-01,0,CLIC
2002-03-02,0,CLIC
2002-03-03,0,CLIC
2002-03-04,0,CLIC
2002-03-05,0,CLIC
2002-03-06,0,CLIC
2002-03-07,0,CLIC
2002-03-08,11,CLIC
2002-03-09,0,CLIC
2002-03-10,0,CLIC
2002-03-11,0,CLIC
2002-03-12,0,CLIC
2002-03-13,0,CLIC
2002-03-14,0,CLIC
2002-03-15,0,CLIC
2002-03-16,0,CLIC
2002-03-17,0,CLIC
2002-03-18,0,CLIC
2002-03-19,0,CLIC
2002-03-20,0,CLIC
2002-03-21,0,CLIC
2002-03-22,0,CLIC
2002-03-23,0,CLIC
2002-03-24,10,CLIC
2002-03-25,0.1,CLIC
2002-03-26,0,CLIC
2002-03-27,0,CLIC
2002-03-28,0,CLIC
2002-03-29,0,CLIC
2002-03-30,0,CLIC
2002-03-31,0,CLIC
2002-04-01,0,CLIC
2002-04-02,0,CLIC
2002-04-03,0,CLIC
2002-04-04,0,CLIC
2002-04-05,0.2,CLIC
2002-04-06,0.1,CLIC
2002-04-07,0,CLIC
2002-04-08,0,CLIC
2002-04-09,0.4,CLIC
2002-04-10,0,CLIC
2002-04-11,0,CLIC
2002-04-12,0,CLIC
2002-04-13,0,CLIC
2002-04-14,0,CLIC
2002-04-15,0.2,CLIC
2002-04-16,0,CLIC
2002-04-17,0,CLIC
2002-04-18,0,CLIC
2002-04-19,0,CLIC
2002-04-20,0,CLIC
2002-04-21,0,CLIC
2002-04-22,0,CLIC
2002-04-23,0,CLIC
2002-04-24,0,CLIC
2002-04-25,0,CLIC
2002-04-26,0,CLIC
2002-04-27,0,CLIC
2002-04-28,0,CLIC
2002-04-29,0,CLIC
2002-04-30,0,CLIC
2002-05-01,0,CLIC
2002-05-02,0,CLIC
2002-05-03,0,CLIC
2002-05-04,0,CLIC
2002-05-05,0,CLIC
2002-05-06,0,CLIC
2002-05-07,0,CLIC
2002-05-08,0,CLIC
2002-05-09,0,CLIC
2002-05-10,0,CLIC
2002-05-11,0,CLIC
2002-05-12,0,CLIC
2002-05-13,0,CLIC
2002-05-14,0,CLIC
2002-05-15,0,CLIC
2002-05-16,0,CLIC
2002-05-17,0,CLIC
2002-05-18,0,CLIC
2002-05-19,0,CLIC
2002-05-20,0,CLIC
2002-05-21,0,CLIC
2002-05-22,0,CLIC
2002-05-23,0.2,CLIC
2002-05-24,0,CLIC
2002-05-25,0,CLIC
2002-05-26,0,CLIC
2002-05-27,0,CLIC
2002-05-28,0,CLIC
2002-05-29,0,CLIC
2002-05-30,0,CLIC
2002-05-31,0,CLIC
2002-06-01,0,CLIC
2002-06-02,0,CLIC
2002-06-03,0,CLIC
2002-06-04,0.1,CLIC
2002-06-05,48,CLIC
2002-06-06,0,CLIC
2002-06-07,0,CLIC
2002-06-08,0,CLIC
2002-06-09,0,CLIC
2002-06-10,0,CLIC
2002-06-11,0,CLIC
2002-06-12,0,CLIC
2002-06-13,0,CLIC
2002-06-14,0,CLIC
2002-06-15,0,CLIC
2002-06-16,0,CLIC
2002-06-17,0,CLIC
2002-06-18,0,CLIC
2002-06-19,0,CLIC
2002-06-20,0.2,CLIC
2002-06-21,0,CLIC
2002-06-22,0,CLIC
2002-06-23,0,CLIC
2002-06-24,0,CLIC
2002-06-25,0,CLIC
2002-06-26,0,CLIC
2002-06-27,0,CLIC
2002-06-28,48,CLIC
2002-06-29,0,CLIC
2002-06-30,0,CLIC
2002-07-01,0,CLIC
2002-07-02,0,CLIC
2002-07-03,48,CLIC
2002-07-04,0,CLIC
2002-07-05,0,CLIC
2002-07-06,0.2,CLIC
2002-07-07,0,CLIC
2002-07-08,0.8,CLIC
2002-07-09,40,CLIC
2002-07-10,28,CLIC
2002-07-11,0,CLIC
2002-07-12,0,CLIC
2002-07-13,0,CLIC
2002-07-14,27,CLIC
2002-07-15,0.1,CLIC
2002-07-16,0.1,CLIC
2002-07-17,0,CLIC
2002-07-18,0,CLIC
2002-07-19,0,CLIC
2002-07-20,0,CLIC
2002-07-21,0,CLIC
2002-07-22,0,CLIC
2002-07-23,0,CLIC
2002-07-24,0,CLIC
2002-07-25,0,CLIC
2002-07-26,0,CLIC
2002-07-27,0,CLIC
2002-07-28,0,CLIC
2002-07-29,0,CLIC
2002-07-30,0,CLIC
2002-07-31,0,CLIC
2002-08-01,0,CLIC
2002-08-02,0,CLIC
2002-08-03,0,CLIC
2002-08-04,0,CLIC
2002-08-05,0,CLIC
2002-08-06,0,CLIC
2002-08-07,0,CLIC
2002-08-08,17,CLIC
2002-08-09,36,CLIC
2002-08-10,0.8,CLIC
2002-08-11,0,CLIC
2002-08-12,0,CLIC
2002-08-13,0,CLIC
2002-08-14,0,CLIC
2002-08-15,0,CLIC
2002-08-16,0,CLIC
2002-08-17,0,CLIC
2002-08-18,0,CLIC
2002-08-19,0,CLIC
2002-08-20,0,CLIC
2002-08-21,0,CLIC
2002-08-22,0,CLIC
2002-08-23,0,CLIC
2002-08-24,0,CLIC
2002-08-25,0,CLIC
2002-08-26,0,CLIC
2002-08-27,0,CLIC
2002-08-28,0,CLIC
2002-08-29,0.2,CLIC
2002-08-30,0,CLIC
2002-08-31,0,CLIC
2002-09-01,16,CLIC
2002-09-02,0,CLIC
2002-09-03,0,CLIC
2002-09-04,0,CLIC
2002-09-05,0,CLIC
2002-09-06,0,CLIC
2002-09-07,0,CLIC
2002-09-08,0.3,CLIC
2002-09-09,0.8,CLIC
2002-09-10,125,CLIC
2002-09-11,33,CLIC
2002-09-12,0,CLIC
2002-09-13,0,CLIC
2002-09-14,31,CLIC
2002-09-15,178,CLIC
2002-09-16,0.9,CLIC
2002-09-17,0,CLIC
2002-09-18,0,CLIC
2002-09-19,17,CLIC
2002-09-20,0,CLIC
2002-09-21,0,CLIC
2002-09-22,0,CLIC
2002-09-23,0.2,CLIC
2002-09-24,0,CLIC
2002-09-25,0,CLIC
2002-09-26,0,CLIC
2002-09-27,0,CLIC
2002-09-28,0,CLIC
2002-09-29,0,CLIC
2002-09-30,0,CLIC
2002-10-01,0,CLIC
2002-10-02,0,CLIC
2002-10-03,0,CLIC
2002-10-04,0,CLIC
2002-10-05,0,CLIC
2002-10-06,0,CLIC
2002-10-07,0,CLIC
2002-10-08,0,CLIC
2002-10-09,25,CLIC
2002-10-10,0,CLIC
2002-10-11,0,CLIC
2002-10-12,0.7,CLIC
2002-10-13,14,CLIC
2002-10-14,0.2,CLIC
2002-10-15,0,CLIC
2002-10-16,0.1,CLIC
2002-10-17,0.1,CLIC
2002-10-18,0,CLIC
2002-10-19,0.4,CLIC
2002-10-20,0.3,CLIC
2002-10-21,0.1,CLIC
2002-10-22,0.1,CLIC
2002-10-23,0.9,CLIC
2002-10-24,0.8,CLIC
2002-10-25,21,CLIC
2002-10-26,0.2,CLIC
2002-10-27,0.2,CLIC
2002-10-28,0.1,CLIC
2002-10-29,0,CLIC
2002-10-30,115,CLIC
2002-10-31,16,CLIC
2002-11-01,0.6,CLIC
2002-11-02,0.5,CLIC
2002-11-03,0.8,CLIC
2002-11-04,0.5,CLIC
2002-11-05,0,CLIC
2002-11-06,0,CLIC
2002-11-07,0,CLIC
2002-11-08,0,CLIC
2002-11-09,0,CLIC
2002-11-10,0,CLIC
2002-11-11,0,CLIC
2002-11-12,0,CLIC
2002-11-13,0,CLIC
2002-11-14,0,CLIC
2002-11-15,0,CLIC
2002-11-16,0,CLIC
2002-11-17,0,CLIC
2002-11-18,0,CLIC
2002-11-19,0,CLIC
2002-11-20,0,CLIC
2002-11-21,0,CLIC
2002-11-22,0,CLIC
2002-11-23,0,CLIC
2002-11-24,0,CLIC
2002-11-25,0,CLIC
2002-11-26,0,CLIC
2002-11-27,0.1,CLIC
2002-11-28,0,CLIC
2002-11-29,0,CLIC
2002-11-30,0,CLIC
2002-12-01,0,CLIC
2002-12-02,0,CLIC
2002-12-03,0,CLIC
2002-12-04,0,CLIC
2002-12-05,0,CLIC
2002-12-06,0,CLIC
2002-12-07,0,CLIC
2002-12-08,0,CLIC
2002-12-09,0,CLIC
2002-12-10,0,CLIC
2002-12-11,0,CLIC
2002-12-12,0,CLIC
2002-12-13,0,CLIC
2002-12-14,0,CLIC
2002-12-15,0,CLIC
2002-12-16,0,CLIC
2002-12-17,0,CLIC
2002-12-18,0,CLIC
2002-12-19,0,CLIC
2002-12-20,0,CLIC
2002-12-21,0,CLIC
2002-12-22,0,CLIC
2002-12-23,0,CLIC
2002-12-24,0,CLIC
2002-12-25,0,CLIC
2002-12-26,0,CLIC
2002-12-27,0,CLIC
2002-12-28,0.1,CLIC
2002-12-29,0,CLIC
2002-12-30,0,CLIC
2002-12-31,0,CLIC
2003-01-01,0,CLIC
2003-01-02,0,CLIC
2003-01-03,0,CLIC
2003-01-04,0,CLIC
2003-01-05,0,CLIC
2003-01-06,83,CLIC
2003-01-07,22,CLIC
2003-01-08,0,CLIC
2003-01-09,0,CLIC
2003-01-10,0.3,CLIC
2003-01-11,0.2,CLIC
2003-01-12,0,CLIC
2003-01-13,0,CLIC
2003-01-14,0,CLIC
2003-01-15,0,CLIC
2003-01-16,0,CLIC
2003-01-17,0,CLIC
2003-01-18,0,CLIC
2003-01-19,0,CLIC
2003-01-20,0,CLIC
2003-01-21,0,CLIC
2003-01-22,0,CLIC
2003-01-23,0.4,CLIC
2003-01-24,0.1,CLIC
2003-01-25,0,CLIC
2003-01-26,0,CLIC
2003-01-27,0,CLIC
2003-01-28,0,CLIC
2003-01-29,0,CLIC
2003-01-30,0,CLIC
2003-01-31,0,CLIC
2003-02-01,0,CLIC
2003-02-02,0,CLIC
2003-02-03,0,CLIC
2003-02-04,0,CLIC
2003-02-05,0,CLIC
2003-02-06,0.6,CLIC
2003-02-07,21,CLIC
2003-02-08,0.2,CLIC
2003-02-09,0,CLIC
2003-02-10,0,CLIC
2003-02-11,0,CLIC
2003-02-12,0.1,CLIC
2003-02-13,0,CLIC
2003-02-14,0.1,CLIC
2003-02-15,0,CLIC
2003-02-16,0,CLIC
2003-02-17,0,CLIC
2003-02-18,0,CLIC
2003-02-19,0,CLIC
2003-02-20,0.2,CLIC
2003-02-21,0,CLIC
2003-02-22,0,CLIC
2003-02-23,0,CLIC
2003-02-24,0.2,CLIC
2003-02-25,0,CLIC
2003-02-26,0.1,CLIC
2003-02-27,0,CLIC
2003-02-28,0,CLIC
2003-03-01,0,CLIC
2003-03-02,0.3,CLIC
2003-03-03,0,CLIC
2003-03-04,0,CLIC
2003-03-05,0,CLIC
2003-03-06,0,CLIC
2003-03-07,0,CLIC
2003-03-08,0,CLIC
2003-03-09,0,CLIC
2003-03-10,0.1,CLIC
2003-03-11,0,CLIC
2003-03-12,0,CLIC
2003-03-13,0,CLIC
2003-03-14,0.3,CLIC
2003-03-15,0,CLIC
2003-03-16,0,CLIC
2003-03-17,0,CLIC
2003-03-18,0,CLIC
2003-03-19,0,CLIC
2003-03-20,0,CLIC
2003-03-21,0,CLIC
2003-03-22,0,CLIC
2003-03-23,0,CLIC
2003-03-24,0,CLIC
2003-03-25,0,CLIC
2003-03-26,0,CLIC
2003-03-27,0,CLIC
2003-03-28,0,CLIC
2003-03-29,0,CLIC
2003-03-30,0,CLIC
2003-03-31,0,CLIC
2003-04-01,0,CLIC
2003-04-02,0,CLIC
2003-04-03,0,CLIC
2003-04-04,0,CLIC
2003-04-05,0,CLIC
2003-04-06,0,CLIC
2003-04-07,0,CLIC
2003-04-08,0.1,CLIC
2003-04-09,0,CLIC
2003-04-10,0.1,CLIC
2003-04-11,0,CLIC
2003-04-12,0,CLIC
2003-04-13,0,CLIC
2003-04-14,0,CLIC
2003-04-15,0,CLIC
2003-04-16,0,CLIC
2003-04-17,0,CLIC
2003-04-18,0,CLIC
2003-04-19,0,CLIC
2003-04-20,33,CLIC
2003-04-21,0.3,CLIC
2003-04-22,0,CLIC
2003-04-23,0,CLIC
2003-04-24,0,CLIC
2003-04-25,0,CLIC
2003-04-26,0,CLIC
2003-04-27,0,CLIC
2003-04-28,0.2,CLIC
2003-04-29,0,CLIC
2003-04-30,0,CLIC
2003-05-01,0,CLIC
2003-05-02,0,CLIC
2003-05-03,0,CLIC
2003-05-04,0,CLIC
2003-05-05,0,CLIC
2003-05-06,0,CLIC
2003-05-07,0,CLIC
2003-05-08,0,CLIC
2003-05-09,0,CLIC
2003-05-10,0,CLIC
2003-05-11,0.7,CLIC
2003-05-12,0,CLIC
2003-05-13,0,CLIC
2003-05-14,0,CLIC
2003-05-15,0,CLIC
2003-05-16,0,CLIC
2003-05-17,0,CLIC
2003-05-18,0,CLIC
2003-05-19,0,CLIC
2003-05-20,0,CLIC
2003-05-21,0,CLIC
2003-05-22,0,CLIC
2003-05-23,0,CLIC
2003-05-24,0,CLIC
2003-05-25,0,CLIC
2003-05-26,0.2,CLIC
2003-05-27,49,CLIC
2003-05-28,38,CLIC
2003-05-29,0,CLIC
2003-05-30,0,CLIC
2003-05-31,0,CLIC
2003-06-01,0,CLIC
2003-06-02,0,CLIC
2003-06-03,0.1,CLIC
2003-06-04,0,CLIC
2003-06-05,0,CLIC
2003-06-06,0,CLIC
2003-06-07,0,CLIC
2003-06-08,0.6,CLIC
2003-06-09,0,CLIC
2003-06-10,0,CLIC
2003-06-11,0,CLIC
2003-06-12,0,CLIC
2003-06-13,59,CLIC
2003-06-14,0,CLIC
2003-06-15,19,CLIC
2003-06-16,0,CLIC
2003-06-17,0,CLIC
2003-06-18,0,CLIC
2003-06-19,0,CLIC
2003-06-20,0,CLIC
2003-06-21,0,CLIC
2003-06-22,0,CLIC
2003-06-23,0,CLIC
2003-06-24,0,CLIC
2003-06-25,0,CLIC
2003-06-26,44,CLIC
2003-06-27,0,CLIC
2003-06-28,0.3,CLIC
2003-06-29,13,CLIC
2003-06-30,37,CLIC
2003-07-01,0.2,CLIC
2003-07-02,0.2,CLIC
2003-07-03,21,CLIC
2003-07-04,0,CLIC
2003-07-05,0,CLIC
2003-07-06,0,CLIC
2003-07-07,0,CLIC
2003-07-08,0.5,CLIC
2003-07-09,0,CLIC
2003-07-10,0,CLIC
2003-07-11,0,CLIC
2003-07-12,0,CLIC
2003-07-13,0,CLIC
2003-07-14,0,CLIC
2003-07-15,0.6,CLIC
2003-07-16,0,CLIC
2003-07-17,0,CLIC
2003-07-18,0,CLIC
2003-07-19,0.5,CLIC
2003-07-20,0,CLIC
2003-07-21,0,CLIC
2003-07-22,0,CLIC
2003-07-23,0.3,CLIC
2003-07-24,0,CLIC
2003-07-25,0,CLIC
2003-07-26,0,CLIC
2003-07-27,0,CLIC
2003-07-28,0,CLIC
2003-07-29,0,CLIC
2003-07-30,0,CLIC
2003-07-31,0,CLIC
2003-08-01,0,CLIC
2003-08-02,0,CLIC
2003-08-03,0,CLIC
2003-08-04,0,CLIC
2003-08-05,0,CLIC
2003-08-06,0,CLIC
2003-08-07,0,CLIC
2003-08-08,0,CLIC
2003-08-09,0,CLIC
2003-08-10,0,CLIC
2003-08-11,0,CLIC
2003-08-12,0.2,CLIC
2003-08-13,33,CLIC
2003-08-14,0,CLIC
2003-08-15,0.5,CLIC
2003-08-16,37,CLIC
2003-08-17,0,CLIC
2003-08-18,0,CLIC
2003-08-19,0,CLIC
2003-08-20,0,CLIC
2003-08-21,0,CLIC
2003-08-22,0,CLIC
2003-08-23,18,CLIC
2003-08-24,0,CLIC
2003-08-25,0,CLIC
2003-08-26,0,CLIC
2003-08-27,0,CLIC
2003-08-28,0,CLIC
2003-08-29,0,CLIC
2003-08-30,0,CLIC
2003-08-31,75,CLIC
2003-09-01,65,CLIC
2003-09-02,0,CLIC
2003-09-03,0.9,CLIC
2003-09-04,20,CLIC
2003-09-05,0,CLIC
2003-09-06,13,CLIC
2003-09-07,0,CLIC
2003-09-08,0,CLIC
2003-09-09,0,CLIC
2003-09-10,0,CLIC
2003-09-11,0,CLIC
2003-09-12,0,CLIC
2003-09-13,0,CLIC
2003-09-14,23,CLIC
2003-09-15,13,CLIC
2003-09-16,0,CLIC
2003-09-17,0.3,CLIC
2003-09-18,86,CLIC
2003-09-19,50,CLIC
2003-09-20,48,CLIC
2003-09-21,0.3,CLIC
2003-09-22,11,CLIC
2003-09-23,0.7,CLIC
2003-09-24,0.1,CLIC
2003-09-25,34,CLIC
2003-09-26,0,CLIC
2003-09-27,0.4,CLIC
2003-09-28,0,CLIC
2003-09-29,0,CLIC
2003-09-30,0,CLIC
2003-10-01,0,CLIC
2003-10-02,0,CLIC
2003-10-03,0,CLIC
2003-10-04,0.4,CLIC
2003-10-05,0,CLIC
2003-10-06,0,CLIC
2003-10-07,0.2,CLIC
2003-10-08,13,CLIC
2003-10-09,0,CLIC
2003-10-10,63,CLIC
2003-10-11,62,CLIC
2003-10-12,24,CLIC
2003-10-13,0.4,CLIC
2003-10-14,12,CLIC
2003-10-15,0,CLIC
2003-10-16,0,CLIC
2003-10-17,0,CLIC
2003-10-18,0,CLIC
2003-10-19,0,CLIC
2003-10-20,0,CLIC
2003-10-21,0,CLIC
2003-10-22,0,CLIC
2003-10-23,0,CLIC
2003-10-24,0,CLIC
2003-10-25,0,CLIC
2003-10-26,23,CLIC
2003-10-27,0,CLIC
2003-10-28,0,CLIC
2003-10-29,0,CLIC
2003-10-30,0,CLIC
2003-10-31,0,CLIC
2003-11-01,0.4,CLIC
2003-11-02,0,CLIC
2003-11-03,0.1,CLIC
2003-11-04,0,CLIC
2003-11-05,0,CLIC
2003-11-06,0,CLIC
2003-11-07,0.5,CLIC
2003-11-08,0.4,CLIC
2003-11-09,0.1,CLIC
2003-11-10,0.1,CLIC
2003-11-11,0,CLIC
2003-11-12,0,CLIC
2003-11-13,11,CLIC
2003-11-14,0.1,CLIC
2003-11-15,0,CLIC
2003-11-16,0,CLIC
2003-11-17,0,CLIC
2003-11-18,0,CLIC
2003-11-19,0,CLIC
2003-11-20,0,CLIC
2003-11-21,0,CLIC
2003-11-22,0,CLIC
2003-11-23,0,CLIC
2003-11-24,0,CLIC
2003-11-25,0,CLIC
2003-11-26,0,CLIC
2003-11-27,0,CLIC
2003-11-28,0,CLIC
2003-11-29,0,CLIC
2003-11-30,0,CLIC
2003-12-01,0.6,CLIC
2003-12-02,0.3,CLIC
2003-12-03,0,CLIC
2003-12-04,20,CLIC
2003-12-05,18,CLIC
2003-12-06,0,CLIC
2003-12-07,0,CLIC
2003-12-08,0,CLIC
2003-12-09,0,CLIC
2003-12-10,0,CLIC
2003-12-11,0,CLIC
2003-12-12,0,CLIC
2003-12-13,0,CLIC
2003-12-14,0,CLIC
2003-12-15,0,CLIC
2003-12-16,0,CLIC
2003-12-17,0,CLIC
2003-12-18,0,CLIC
2003-12-19,0,CLIC
2003-12-20,0,CLIC
2003-12-21,0,CLIC
2003-12-22,0,CLIC
2003-12-23,0,CLIC
2003-12-24,0,CLIC
2003-12-25,0,CLIC
2003-12-26,0,CLIC
2003-12-27,0,CLIC
2003-12-28,0,CLIC
2003-12-29,0,CLIC
2003-12-30,0,CLIC
2003-12-31,0,CLIC
2004-01-01,0,CLIC
2004-01-02,0,CLIC
2004-01-03,0,CLIC
2004-01-04,0,CLIC
2004-01-05,0,CLIC
2004-01-06,0,CLIC
2004-01-07,0,CLIC
2004-01-08,0,CLIC
2004-01-09,0,CLIC
2004-01-10,0,CLIC
2004-01-11,0,CLIC
2004-01-12,0,CLIC
2004-01-13,0,CLIC
2004-01-14,0,CLIC
2004-01-15,0,CLIC
2004-01-16,0,CLIC
2004-01-17,0,CLIC
2004-01-18,0,CLIC
2004-01-19,0,CLIC
2004-01-20,0,CLIC
2004-01-21,0.4,CLIC
2004-01-22,0.2,CLIC
2004-01-23,0.6,CLIC
2004-01-24,0,CLIC
2004-01-25,0,CLIC
2004-01-26,0,CLIC
2004-01-27,0,CLIC
2004-01-28,0.2,CLIC
2004-01-29,0,CLIC
2004-01-30,0,CLIC
2004-01-31,0,CLIC
2004-02-01,0,CLIC
2004-02-02,0,CLIC
2004-02-03,0,CLIC
2004-02-04,0,CLIC
2004-02-05,0,CLIC
2004-02-06,0,CLIC
2004-02-07,0,CLIC
2004-02-08,0,CLIC
2004-02-09,0,CLIC
2004-02-10,0,CLIC
2004-02-11,0.1,CLIC
2004-02-12,0.1,CLIC
2004-02-13,13,CLIC
2004-02-14,0.5,CLIC
2004-02-15,0,CLIC
2004-02-16,0,CLIC
2004-02-17,0,CLIC
2004-02-18,0,CLIC
2004-02-19,0,CLIC
2004-02-20,0,CLIC
2004-02-21,0,CLIC
2004-02-22,0,CLIC
2004-02-23,0,CLIC
2004-02-24,0,CLIC
2004-02-25,0,CLIC
2004-02-26,0,CLIC
2004-02-27,0,CLIC
2004-02-28,0,CLIC
2004-02-29,0,CLIC
2004-03-01,0,CLIC
2004-03-02,0,CLIC
2004-03-03,0,CLIC
2004-03-04,0,CLIC
2004-03-05,0,CLIC
2004-03-06,0,CLIC
2004-03-07,0,CLIC
2004-03-08,0,CLIC
2004-03-09,0,CLIC
2004-03-10,0,CLIC
2004-03-11,0.7,CLIC
2004-03-12,20,CLIC
2004-03-13,0.3,CLIC
2004-03-14,0.7,CLIC
2004-03-15,0.2,CLIC
2004-03-16,0,CLIC
2004-03-17,0,CLIC
2004-03-18,0,CLIC
2004-03-19,0.2,CLIC
2004-03-20,15,CLIC
2004-03-21,14,CLIC
2004-03-22,0,CLIC
2004-03-23,0,CLIC
2004-03-24,0,CLIC
2004-03-25,0,CLIC
2004-03-26,0,CLIC
2004-03-27,0,CLIC
2004-03-28,0,CLIC
2004-03-29,38,CLIC
2004-03-30,0,CLIC
2004-03-31,0,CLIC
2004-04-01,0,CLIC
2004-04-02,60,CLIC
2004-04-03,0.4,CLIC
2004-04-04,0.6,CLIC
2004-04-05,0.3,CLIC
2004-04-06,0,CLIC
2004-04-07,0,CLIC
2004-04-08,41,CLIC
2004-04-09,0,CLIC
2004-04-10,0,CLIC
2004-04-11,0,CLIC
2004-04-12,0,CLIC
2004-04-13,0,CLIC
2004-04-14,0,CLIC
2004-04-15,0,CLIC
2004-04-16,0,CLIC
2004-04-17,0,CLIC
2004-04-18,0,CLIC
2004-04-19,0,CLIC
2004-04-20,0,CLIC
2004-04-21,0,CLIC
2004-04-22,0,CLIC
2004-04-23,18,CLIC
2004-04-24,0.7,CLIC
2004-04-25,40,CLIC
2004-04-26,62,CLIC
2004-04-27,0.2,CLIC
2004-04-28,0,CLIC
2004-04-29,0,CLIC
2004-04-30,0,CLIC
2004-05-01,0,CLIC
2004-05-02,0,CLIC
2004-05-03,0,CLIC
2004-05-04,0,CLIC
2004-05-05,0,CLIC
2004-05-06,0.2,CLIC
2004-05-07,0,CLIC
2004-05-08,0,CLIC
2004-05-09,0,CLIC
2004-05-10,0,CLIC
2004-05-11,0,CLIC
2004-05-12,0,CLIC
2004-05-13,16,CLIC
2004-05-14,0.2,CLIC
2004-05-15,0,CLIC
2004-05-16,0,CLIC
2004-05-17,0,CLIC
2004-05-18,0,CLIC
2004-05-19,0,CLIC
2004-05-20,0,CLIC
2004-05-21,0,CLIC
2004-05-22,0,CLIC
2004-05-23,0,CLIC
2004-05-24,0,CLIC
2004-05-25,0,CLIC
2004-05-26,0,CLIC
2004-05-27,0,CLIC
2004-05-28,0,CLIC
2004-05-29,0,CLIC
2004-05-30,0,CLIC
2004-05-31,0,CLIC
2004-06-01,0,CLIC
2004-06-02,0,CLIC
2004-06-03,0,CLIC
2004-06-04,0,CLIC
2004-06-05,0,CLIC
2004-06-06,0,CLIC
2004-06-07,0.1,CLIC
2004-06-08,0.4,CLIC
2004-06-09,0,CLIC
2004-06-10,0,CLIC
2004-06-11,0,CLIC
2004-06-12,0,CLIC
2004-06-13,0,CLIC
2004-06-14,0,CLIC
2004-06-15,0,CLIC
2004-06-16,0,CLIC
2004-06-17,0,CLIC
2004-06-18,0,CLIC
2004-06-19,0,CLIC
2004-06-20,0,CLIC
2004-06-21,0,CLIC
2004-06-22,14,CLIC
2004-06-23,0,CLIC
2004-06-24,0,CLIC
2004-06-25,14,CLIC
2004-06-26,0,CLIC
2004-06-27,0,CLIC
2004-06-28,0,CLIC
2004-06-29,0.5,CLIC
2004-06-30,0,CLIC
2004-07-01,0,CLIC
2004-07-02,0,CLIC
2004-07-03,0,CLIC
2004-07-04,0,CLIC
2004-07-05,0,CLIC
2004-07-06,0,CLIC
2004-07-07,0,CLIC
2004-07-08,0,CLIC
2004-07-09,0,CLIC
2004-07-10,0,CLIC
2004-07-11,13,CLIC
2004-07-12,0,CLIC
2004-07-13,0,CLIC
2004-07-14,0,CLIC
2004-07-15,0,CLIC
2004-07-16,0,CLIC
2004-07-17,0,CLIC
2004-07-18,0,CLIC
2004-07-19,0,CLIC
2004-07-20,0,CLIC
2004-07-21,0.3,CLIC
2004-07-22,0.1,CLIC
2004-07-23,0,CLIC
2004-07-24,0,CLIC
2004-07-25,0.2,CLIC
2004-07-26,0,CLIC
2004-07-27,0,CLIC
2004-07-28,0,CLIC
2004-07-29,10,CLIC
2004-07-30,0,CLIC
2004-07-31,0,CLIC
2004-08-01,0.2,CLIC
2004-08-02,0,CLIC
2004-08-03,0,CLIC
2004-08-04,0,CLIC
2004-08-05,0,CLIC
2004-08-06,0,CLIC
2004-08-07,0,CLIC
2004-08-08,0,CLIC
2004-08-09,0,CLIC
2004-08-10,0,CLIC
2004-08-11,0.8,CLIC
2004-08-12,0,CLIC
2004-08-13,0,CLIC
2004-08-14,0,CLIC
2004-08-15,0,CLIC
2004-08-16,0,CLIC
2004-08-17,0,CLIC
2004-08-18,0,CLIC
2004-08-19,0,CLIC
2004-08-20,0,CLIC
2004-08-21,0.1,CLIC
2004-08-22,0,CLIC
2004-08-23,0,CLIC
2004-08-24,0,CLIC
2004-08-25,0,CLIC
2004-08-26,0,CLIC
2004-08-27,0,CLIC
2004-08-28,0.2,CLIC
2004-08-29,0.3,CLIC
2004-08-30,29,CLIC
2004-08-31,33,CLIC
2004-09-01,87,CLIC
2004-09-02,117,CLIC
2004-09-03,4,CLIC
2004-09-04,1,CLIC
2004-09-05,0,CLIC
2004-09-06,49,CLIC
2004-09-07,0,CLIC
2004-09-08,0,CLIC
2004-09-09,0,CLIC
2004-09-10,0,CLIC
2004-09-11,0,CLIC
2004-09-12,0,CLIC
2004-09-13,0,CLIC
2004-09-14,0,CLIC
2004-09-15,0,CLIC
2004-09-16,0,CLIC
2004-09-17,2,CLIC
2004-09-18,24,CLIC
2004-09-19,8,CLIC
2004-09-20,68,CLIC
2004-09-21,9,CLIC
2004-09-22,0,CLIC
2004-09-23,0,CLIC
2004-09-24,23,CLIC
2004-09-25,2,CLIC
2004-09-26,3,CLIC
2004-09-27,9,CLIC
2004-09-28,0,CLIC
2004-09-29,0,CLIC
2004-09-30,0,CLIC
2004-10-01,0,CLIC
2004-10-02,7,CLIC
2004-10-03,1,CLIC
2004-10-04,0,CLIC
2004-10-05,0,CLIC
2004-10-06,1,CLIC
2004-10-07,0,CLIC
2004-10-08,0,CLIC
2004-10-09,1,CLIC
2004-10-10,0,CLIC
2004-10-11,0,CLIC
2004-10-12,0,CLIC
2004-10-13,1,CLIC
2004-10-14,0,CLIC
2004-10-15,0,CLIC
2004-10-16,0,CLIC
2004-10-17,0,CLIC
2004-10-18,0,CLIC
2004-10-19,0,CLIC
2004-10-20,0,CLIC
2004-10-21,0,CLIC
2004-10-22,0,CLIC
2004-10-23,16,CLIC
2004-10-24,0,CLIC
2004-10-25,0,CLIC
2004-10-26,0,CLIC
2004-10-27,0,CLIC
2004-10-28,0,CLIC
2004-10-29,0,CLIC
2004-10-30,0,CLIC
2004-10-31,0,CLIC
2004-11-01,0,CLIC
2004-11-02,0,CLIC
2004-11-03,0,CLIC
2004-11-04,0,CLIC
2004-11-05,0,CLIC
2004-11-06,0,CLIC
2004-11-07,0,CLIC
2004-11-08,0,CLIC
2004-11-09,0,CLIC
2004-11-10,0,CLIC
2004-11-11,0,CLIC
2004-11-12,0,CLIC
2004-11-13,0,CLIC
2004-11-14,2,CLIC
2004-11-15,1,CLIC
2004-11-16,10,CLIC
2004-11-17,0,CLIC
2004-11-18,0,CLIC
2004-11-19,0,CLIC
2004-11-20,0,CLIC
2004-11-21,1,CLIC
2004-11-22,0,CLIC
2004-11-23,0,CLIC
2004-11-24,0,CLIC
2004-11-25,0,CLIC
2004-11-26,0,CLIC
2004-11-27,0,CLIC
2004-11-28,0,CLIC
2004-11-29,0,CLIC
2004-11-30,0,CLIC
2004-12-01,0,CLIC
2004-12-02,0,CLIC
2004-12-03,0.1,CLIC
2004-12-04,0.1,CLIC
2004-12-05,0,CLIC
2004-12-06,0,CLIC
2004-12-07,0,CLIC
2004-12-08,0,CLIC
2004-12-09,0,CLIC
2004-12-10,0,CLIC
2004-12-11,0,CLIC
2004-12-12,0,CLIC
2004-12-13,0,CLIC
2004-12-14,0,CLIC
2004-12-15,0,CLIC
2004-12-16,0,CLIC
2004-12-17,0,CLIC
2004-12-18,0,CLIC
2004-12-19,0,CLIC
2004-12-20,0,CLIC
2004-12-21,0,CLIC
2004-12-22,0,CLIC
2004-12-23,0,CLIC
2004-12-24,0,CLIC
2004-12-25,0,CLIC
2004-12-26,0,CLIC
2004-12-27,0,CLIC
2004-12-28,0,CLIC
2004-12-29,0,CLIC
2004-12-30,0,CLIC
2004-12-31,0,CLIC
2005-01-01,0,CLIC
2005-01-02,0,CLIC
2005-01-03,0,CLIC
2005-01-04,0,CLIC
2005-01-05,0,CLIC
2005-01-06,0,CLIC
2005-01-07,0,CLIC
2005-01-08,0,CLIC
2005-01-09,0,CLIC
2005-01-10,0,CLIC
2005-01-11,0,CLIC
2005-01-12,0,CLIC
2005-01-13,0,CLIC
2005-01-14,0,CLIC
2005-01-15,0,CLIC
2005-01-16,0,CLIC
2005-01-17,0.1,CLIC
2005-01-18,0.3,CLIC
2005-01-19,0,CLIC
2005-01-20,0,CLIC
2005-01-21,0,CLIC
2005-01-22,14,CLIC
2005-01-23,0,CLIC
2005-01-24,0,CLIC
2005-01-25,0,CLIC
2005-01-26,0.3,CLIC
2005-01-27,0,CLIC
2005-01-28,0,CLIC
2005-01-29,0.3,CLIC
2005-01-30,0.3,CLIC
2005-01-31,0,CLIC
2005-02-01,0.1,CLIC
2005-02-02,0.2,CLIC
2005-02-03,0.1,CLIC
2005-02-04,12,CLIC
2005-02-05,0,CLIC
2005-02-06,0,CLIC
2005-02-07,0,CLIC
2005-02-08,0,CLIC
2005-02-09,26,CLIC
2005-02-10,0,CLIC
2005-02-11,0.5,CLIC
2005-02-12,0.1,CLIC
2005-02-13,0,CLIC
2005-02-14,0,CLIC
2005-02-15,0,CLIC
2005-02-16,0.3,CLIC
2005-02-17,10,CLIC
2005-02-18,0.3,CLIC
2005-02-19,0,CLIC
2005-02-20,0,CLIC
2005-02-21,0,CLIC
2005-02-22,0,CLIC
2005-02-23,0,CLIC
2005-02-24,21,CLIC
2005-02-25,11,CLIC
2005-02-26,0.2,CLIC
2005-02-27,0,CLIC
2005-02-28,0,CLIC
2005-03-01,0,CLIC
2005-03-02,0,CLIC
2005-03-03,0,CLIC
2005-03-04,0,CLIC
2005-03-05,0.3,CLIC
2005-03-06,0.3,CLIC
2005-03-07,0,CLIC
2005-03-08,30,CLIC
2005-03-09,0,CLIC
2005-03-10,0,CLIC
2005-03-11,0,CLIC
2005-03-12,0,CLIC
2005-03-13,0,CLIC
2005-03-14,0,CLIC
2005-03-15,0.1,CLIC
2005-03-16,0,CLIC
2005-03-17,0,CLIC
2005-03-18,0,CLIC
2005-03-19,0,CLIC
2005-03-20,0,CLIC
2005-03-21,0,CLIC
2005-03-22,0,CLIC
2005-03-23,0,CLIC
2005-03-24,0,CLIC
2005-03-25,0,CLIC
2005-03-26,0,CLIC
2005-03-27,0,CLIC
2005-03-28,0,CLIC
2005-03-29,0,CLIC
2005-03-30,0,CLIC
2005-03-31,0,CLIC
2005-04-01,0,CLIC
2005-04-02,0,CLIC
2005-04-03,0,CLIC
2005-04-04,0,CLIC
2005-04-05,0,CLIC
2005-04-06,0,CLIC
2005-04-07,0,CLIC
2005-04-08,0,CLIC
2005-04-09,0,CLIC
2005-04-10,0,CLIC
2005-04-11,0,CLIC
2005-04-12,0,CLIC
2005-04-13,0,CLIC
2005-04-14,0,CLIC
2005-04-15,0,CLIC
2005-04-16,0,CLIC
2005-04-17,0.1,CLIC
2005-04-18,0,CLIC
2005-04-19,0,CLIC
2005-04-20,0,CLIC
2005-04-21,0,CLIC
2005-04-22,0,CLIC
2005-04-23,0.5,CLIC
2005-04-24,0.1,CLIC
2005-04-25,0,CLIC
2005-04-26,0,CLIC
2005-04-27,0,CLIC
2005-04-28,0,CLIC
2005-04-29,0,CLIC
2005-04-30,0,CLIC
2005-05-01,0,CLIC
2005-05-02,20,CLIC
2005-05-03,44,CLIC
2005-05-04,47,CLIC
2005-05-05,30,CLIC
2005-05-06,80.8,CLIC
2005-05-07,0,CLIC
2005-05-08,0,CLIC
2005-05-09,0,CLIC
2005-05-10,0,CLIC
2005-05-11,0,CLIC
2005-05-12,0,CLIC
2005-05-13,0,CLIC
2005-05-14,0,CLIC
2005-05-15,0.6,CLIC
2005-05-16,0.1,CLIC
2005-05-17,0,CLIC
2005-05-18,0,CLIC
2005-05-19,0,CLIC
2005-05-20,0,CLIC
2005-05-21,0,CLIC
2005-05-22,0,CLIC
2005-05-23,0,CLIC
2005-05-24,0,CLIC
2005-05-25,0,CLIC
2005-05-26,0.8,CLIC
2005-05-27,0,CLIC
2005-05-28,0.2,CLIC
2005-05-29,0,CLIC
2005-05-30,0,CLIC
2005-05-31,0,CLIC
2005-06-01,0,CLIC
2005-06-02,0,CLIC
2005-06-03,0,CLIC
2005-06-04,0,CLIC
2005-06-05,0,CLIC
2005-06-06,0,CLIC
2005-06-07,0,CLIC
2005-06-08,0,CLIC
2005-06-09,0,CLIC
2005-06-10,0,CLIC
2005-06-11,0,CLIC
2005-06-12,0,CLIC
2005-06-13,0,CLIC
2005-06-14,0.6,CLIC
2005-06-15,0,CLIC
2005-06-16,0,CLIC
2005-06-17,0,CLIC
2005-06-18,0,CLIC
2005-06-19,0,CLIC
2005-06-20,0.7,CLIC
2005-06-21,0,CLIC
2005-06-22,0,CLIC
2005-06-23,0,CLIC
2005-06-24,0,CLIC
2005-06-25,0,CLIC
2005-06-26,0.1,CLIC
2005-06-27,0,CLIC
2005-06-28,0,CLIC
2005-06-29,0,CLIC
2005-06-30,0,CLIC
2005-07-01,0,CLIC
2005-07-02,0,CLIC
2005-07-03,0,CLIC
2005-07-04,0,CLIC
2005-07-05,0,CLIC
2005-07-06,0,CLIC
2005-07-07,0,CLIC
2005-07-08,0,CLIC
2005-07-09,0,CLIC
2005-07-10,0,CLIC
2005-07-11,0,CLIC
2005-07-12,0,CLIC
2005-07-13,0,CLIC
2005-07-14,0,CLIC
2005-07-15,25,CLIC
2005-07-16,11,CLIC
2005-07-17,0,CLIC
2005-07-18,0,CLIC
2005-07-19,0,CLIC
2005-07-20,234,CLIC
2005-07-21,0.2,CLIC
2005-07-22,0,CLIC
2005-07-23,0,CLIC
2005-07-24,0.2,CLIC
2005-07-25,44,CLIC
2005-07-26,0,CLIC
2005-07-27,0,CLIC
2005-07-28,0,CLIC
2005-07-29,0,CLIC
2005-07-30,0,CLIC
2005-07-31,39,CLIC
2005-08-01,0,CLIC
2005-08-02,0.2,CLIC
2005-08-03,0,CLIC
2005-08-04,0,CLIC
2005-08-05,0,CLIC
2005-08-06,0.1,CLIC
2005-08-07,0,CLIC
2005-08-08,0,CLIC
2005-08-09,0,CLIC
2005-08-10,0,CLIC
2005-08-11,0,CLIC
2005-08-12,0,CLIC
2005-08-13,0,CLIC
2005-08-14,0,CLIC
2005-08-15,0,CLIC
2005-08-16,0,CLIC
2005-08-17,0,CLIC
2005-08-18,0,CLIC
2005-08-19,0,CLIC
2005-08-20,0,CLIC
2005-08-21,0,CLIC
2005-08-22,0,CLIC
2005-08-23,0,CLIC
2005-08-24,0,CLIC
2005-08-25,0,CLIC
2005-08-26,0,CLIC
2005-08-27,0,CLIC
2005-08-28,0,CLIC
2005-08-29,0,CLIC
2005-08-30,0,CLIC
2005-08-31,0,CLIC
2005-09-01,13,CLIC
2005-09-02,28,CLIC
2005-09-03,10,CLIC
2005-09-04,0,CLIC
2005-09-05,0,CLIC
2005-09-06,0,CLIC
2005-09-07,15,CLIC
2005-09-08,0,CLIC
2005-09-09,0,CLIC
2005-09-10,0,CLIC
2005-09-11,11,CLIC
2005-09-12,0,CLIC
2005-09-13,0,CLIC
2005-09-14,0,CLIC
2005-09-15,0,CLIC
2005-09-16,0,CLIC
2005-09-17,0,CLIC
2005-09-18,0,CLIC
2005-09-19,0,CLIC
2005-09-20,0,CLIC
2005-09-21,0,CLIC
2005-09-22,0,CLIC
2005-09-23,0,CLIC
2005-09-24,0,CLIC
2005-09-25,0,CLIC
2005-09-26,0,CLIC
2005-09-27,0,CLIC
2005-09-28,0,CLIC
2005-09-29,0,CLIC
2005-09-30,0,CLIC
2005-10-01,0,CLIC
2005-10-02,0,CLIC
2005-10-03,0.3,CLIC
2005-10-04,17,CLIC
2005-10-05,12,CLIC
2005-10-06,10,CLIC
2005-10-07,0,CLIC
2005-10-08,0,CLIC
2005-10-09,0.4,CLIC
2005-10-10,0,CLIC
2005-10-11,34,CLIC
2005-10-12,25,CLIC
2005-10-13,265,CLIC
2005-10-14,22,CLIC
2005-10-15,0,CLIC
2005-10-16,0,CLIC
2005-10-17,0,CLIC
2005-10-18,0,CLIC
2005-10-19,0,CLIC
2005-10-20,0,CLIC
2005-10-21,0,CLIC
2005-10-22,0,CLIC
2005-10-23,23,CLIC
2005-10-24,0,CLIC
2005-10-25,0,CLIC
2005-10-26,0,CLIC
2005-10-27,15,CLIC
2005-10-28,78,CLIC
2005-10-29,9,CLIC
2005-10-30,0,CLIC
2005-10-31,0,CLIC
2005-11-01,0,CLIC
2005-11-02,0,CLIC
2005-11-03,0,CLIC
2005-11-04,0,CLIC
2005-11-05,0,CLIC
2005-11-06,0,CLIC
2005-11-07,0,CLIC
2005-11-08,0,CLIC
2005-11-09,0,CLIC
2005-11-10,0,CLIC
2005-11-11,0,CLIC
2005-11-12,0,CLIC
2005-11-13,0,CLIC
2005-11-14,0,CLIC
2005-11-15,0,CLIC
2005-11-16,0,CLIC
2005-11-17,0,CLIC
2005-11-18,0.7,CLIC
2005-11-19,0,CLIC
2005-11-20,0,CLIC
2005-11-21,0,CLIC
2005-11-22,0,CLIC
2005-11-23,0,CLIC
2005-11-24,0,CLIC
2005-11-25,0,CLIC
2005-11-26,0,CLIC
2005-11-27,0,CLIC
2005-11-28,0,CLIC
2005-11-29,0,CLIC
2005-11-30,0,CLIC
2005-12-01,0,CLIC
2005-12-02,0,CLIC
2005-12-03,0,CLIC
2005-12-04,0,CLIC
2005-12-05,0,CLIC
2005-12-06,0,CLIC
2005-12-07,0,CLIC
2005-12-08,0,CLIC
2005-12-09,0,CLIC
2005-12-10,0,CLIC
2005-12-11,0,CLIC
2005-12-12,0,CLIC
2005-12-13,0,CLIC
2005-12-14,0,CLIC
2005-12-15,0,CLIC
2005-12-16,0,CLIC
2005-12-17,0,CLIC
2005-12-18,5,CLIC
2005-12-19,3,CLIC
2005-12-20,0,CLIC
2005-12-21,0,CLIC
2005-12-22,0,CLIC
2005-12-23,0,CLIC
2005-12-24,0,CLIC
2005-12-25,0,CLIC
2005-12-26,0,CLIC
2005-12-27,0,CLIC
2005-12-28,0,CLIC
2005-12-29,0,CLIC
2005-12-30,0,CLIC
2005-12-31,0,CLIC
2006-01-01,0,CLIC
2006-01-02,0,CLIC
2006-01-03,0,CLIC
2006-01-04,0,CLIC
2006-01-05,0,CLIC
2006-01-06,0,CLIC
2006-01-07,0,CLIC
2006-01-08,0,CLIC
2006-01-09,0,CLIC
2006-01-10,0,CLIC
2006-01-11,0,CLIC
2006-01-12,0,CLIC
2006-01-13,0,CLIC
2006-01-14,0,CLIC
2006-01-15,0,CLIC
2006-01-16,0,CLIC
2006-01-17,0,CLIC
2006-01-18,0,CLIC
2006-01-19,0,CLIC
2006-01-20,0,CLIC
2006-01-21,0,CLIC
2006-01-22,0,CLIC
2006-01-23,0,CLIC
2006-01-24,0,CLIC
2006-01-25,0,CLIC
2006-01-26,0,CLIC
2006-01-27,0,CLIC
2006-01-28,0,CLIC
2006-01-29,0,CLIC
2006-01-30,0,CLIC
2006-01-31,0,CLIC
2006-02-01,0,CLIC
2006-02-02,0,CLIC
2006-02-03,0,CLIC
2006-02-04,0,CLIC
2006-02-05,0,CLIC
2006-02-06,0,CLIC
2006-02-07,0,CLIC
2006-02-08,0,CLIC
2006-02-09,0,CLIC
2006-02-10,0,CLIC
2006-02-11,0,CLIC
2006-02-12,0,CLIC
2006-02-13,0,CLIC
2006-02-14,0,CLIC
2006-02-15,0,CLIC
2006-02-16,0,CLIC
2006-02-17,0.1,CLIC
2006-02-18,0.3,CLIC
2006-02-19,0.2,CLIC
2006-02-20,0,CLIC
2006-02-21,0,CLIC
2006-02-22,0,CLIC
2006-02-23,0.7,CLIC
2006-02-24,0.9,CLIC
2006-02-25,0.7,CLIC
2006-02-26,0,CLIC
2006-02-27,0,CLIC
2006-02-28,0,CLIC
2006-03-01,0,CLIC
2006-03-02,0,CLIC
2006-03-03,0,CLIC
2006-03-04,0,CLIC
2006-03-05,0,CLIC
2006-03-06,0,CLIC
2006-03-07,0,CLIC
2006-03-08,0,CLIC
2006-03-09,0,CLIC
2006-03-10,0,CLIC
2006-03-11,0,CLIC
2006-03-12,0,CLIC
2006-03-13,0,CLIC
2006-03-14,0,CLIC
2006-03-15,0.1,CLIC
2006-03-16,0,CLIC
2006-03-17,0.1,CLIC
2006-03-18,0,CLIC
2006-03-19,0,CLIC
2006-03-20,0,CLIC
2006-03-21,0,CLIC
2006-03-22,0.7,CLIC
2006-03-23,0.1,CLIC
2006-03-24,0,CLIC
2006-03-25,0,CLIC
2006-03-26,0,CLIC
2006-03-27,0,CLIC
2006-03-28,0.2,CLIC
2006-03-29,0,CLIC
2006-03-30,0,CLIC
2006-03-31,0,CLIC
2006-04-01,0,CLIC
2006-04-02,0.9,CLIC
2006-04-03,0,CLIC
2006-04-04,0,CLIC
2006-04-05,0,CLIC
2006-04-06,0,CLIC
2006-04-07,0,CLIC
2006-04-08,0,CLIC
2006-04-09,0,CLIC
2006-04-10,0,CLIC
2006-04-11,0,CLIC
2006-04-12,0.1,CLIC
2006-04-13,0,CLIC
2006-04-14,0,CLIC
2006-04-15,0,CLIC
2006-04-16,0,CLIC
2006-04-17,0,CLIC
2006-04-18,0,CLIC
2006-04-19,0,CLIC
2006-04-20,0,CLIC
2006-04-21,0,CLIC
2006-04-22,0.2,CLIC
2006-04-23,0,CLIC
2006-04-24,0,CLIC
2006-04-25,0.2,CLIC
2006-04-26,0,CLIC
2006-04-27,0.4,CLIC
2006-04-28,0,CLIC
2006-04-29,0,CLIC
2006-04-30,0,CLIC
2006-05-01,0,CLIC
2006-05-02,0,CLIC
2006-05-03,0,CLIC
2006-05-04,0,CLIC
2006-05-05,0,CLIC
2006-05-06,0,CLIC
2006-05-07,0,CLIC
2006-05-08,0,CLIC
2006-05-09,0,CLIC
2006-05-10,0,CLIC
2006-05-11,0.1,CLIC
2006-05-12,0,CLIC
2006-05-13,0,CLIC
2006-05-14,0.2,CLIC
2006-05-15,0,CLIC
2006-05-16,0,CLIC
2006-05-17,0,CLIC
2006-05-18,0,CLIC
2006-05-19,0,CLIC
2006-05-20,0,CLIC
2006-05-21,0,CLIC
2006-05-22,0,CLIC
2006-05-23,0,CLIC
2006-05-24,0,CLIC
2006-05-25,0,CLIC
2006-05-26,0,CLIC
2006-05-27,0,CLIC
2006-05-28,35,CLIC
2006-05-29,0,CLIC
2006-05-30,0,CLIC
2006-05-31,0,CLIC
2006-06-01,0.3,CLIC
2006-06-02,0,CLIC
2006-06-03,0,CLIC
2006-06-04,0,CLIC
2006-06-05,0,CLIC
2006-06-06,0,CLIC
2006-06-07,0,CLIC
2006-06-08,0,CLIC
2006-06-09,0,CLIC
2006-06-10,0,CLIC
2006-06-11,0,CLIC
2006-06-12,0,CLIC
2006-06-13,0,CLIC
2006-06-14,0,CLIC
2006-06-15,0,CLIC
2006-06-16,0,CLIC
2006-06-17,0,CLIC
2006-06-18,0,CLIC
2006-06-19,0,CLIC
2006-06-20,0,CLIC
2006-06-21,0,CLIC
2006-06-22,0,CLIC
2006-06-23,0,CLIC
2006-06-24,0,CLIC
2006-06-25,0,CLIC
2006-06-26,0,CLIC
2006-06-27,0,CLIC
2006-06-28,0,CLIC
2006-06-29,0,CLIC
2006-06-30,0,CLIC
2006-07-01,0,CLIC
2006-07-02,11,CLIC
2006-07-03,0,CLIC
2006-07-04,0,CLIC
2006-07-05,0.9,CLIC
2006-07-06,0,CLIC
2006-07-07,15,CLIC
2006-07-08,0,CLIC
2006-07-09,0,CLIC
2006-07-10,0,CLIC
2006-07-11,0,CLIC
2006-07-12,0,CLIC
2006-07-13,0,CLIC
2006-07-14,10,CLIC
2006-07-15,0,CLIC
2006-07-16,0,CLIC
2006-07-17,0,CLIC
2006-07-18,0,CLIC
2006-07-19,0,CLIC
2006-07-20,0,CLIC
2006-07-21,0,CLIC
2006-07-22,0,CLIC
2006-07-23,0,CLIC
2006-07-24,0,CLIC
2006-07-25,0,CLIC
2006-07-26,0,CLIC
2006-07-27,0,CLIC
2006-07-28,0,CLIC
2006-07-29,0,CLIC
2006-07-30,0,CLIC
2006-07-31,0,CLIC
2006-08-01,0,CLIC
2006-08-02,0,CLIC
2006-08-03,0.3,CLIC
2006-08-04,17,CLIC
2006-08-05,0.1,CLIC
2006-08-06,0.7,CLIC
2006-08-07,0.8,CLIC
2006-08-08,0.1,CLIC
2006-08-09,0.1,CLIC
2006-08-10,0,CLIC
2006-08-11,0,CLIC
2006-08-12,0,CLIC
2006-08-13,0,CLIC
2006-08-14,0,CLIC
2006-08-15,0,CLIC
2006-08-16,0,CLIC
2006-08-17,0,CLIC
2006-08-18,0,CLIC
2006-08-19,0.8,CLIC
2006-08-20,0,CLIC
2006-08-21,0,CLIC
2006-08-22,29,CLIC
2006-08-23,0,CLIC
2006-08-24,0,CLIC
2006-08-25,0,CLIC
2006-08-26,0,CLIC
2006-08-27,0,CLIC
2006-08-28,0,CLIC
2006-08-29,0,CLIC
2006-08-30,0,CLIC
2006-08-31,0,CLIC
2006-09-01,0,CLIC
2006-09-02,0,CLIC
2006-09-03,0,CLIC
2006-09-04,0,CLIC
2006-09-05,0.8,CLIC
2006-09-06,0.3,CLIC
2006-09-07,0,CLIC
2006-09-08,0,CLIC
2006-09-09,65,CLIC
2006-09-10,0,CLIC
2006-09-11,10,CLIC
2006-09-12,32,CLIC
2006-09-13,24,CLIC
2006-09-14,0,CLIC
2006-09-15,0,CLIC
2006-09-16,0.1,CLIC
2006-09-17,0,CLIC
2006-09-18,22,CLIC
2006-09-19,0,CLIC
2006-09-20,0,CLIC
2006-09-21,0,CLIC
2006-09-22,0,CLIC
2006-09-23,0,CLIC
2006-09-24,93,CLIC
2006-09-25,0,CLIC
2006-09-26,0,CLIC
2006-09-27,0,CLIC
2006-09-28,0,CLIC
2006-09-29,0,CLIC
2006-09-30,0,CLIC
2006-10-01,0,CLIC
2006-10-02,0.1,CLIC
2006-10-03,0,CLIC
2006-10-04,0,CLIC
2006-10-05,0,CLIC
2006-10-06,0,CLIC
2006-10-07,0,CLIC
2006-10-08,0,CLIC
2006-10-09,0,CLIC
2006-10-10,0,CLIC
2006-10-11,0,CLIC
2006-10-12,0,CLIC
2006-10-13,52,CLIC
2006-10-14,0.5,CLIC
2006-10-15,0.3,CLIC
2006-10-16,0,CLIC
2006-10-17,0,CLIC
2006-10-18,0,CLIC
2006-10-19,0,CLIC
2006-10-20,0,CLIC
2006-10-21,0,CLIC
2006-10-22,0,CLIC
2006-10-23,0.4,CLIC
2006-10-24,0.1,CLIC
2006-10-25,0.1,CLIC
2006-10-26,0,CLIC
2006-10-27,0,CLIC
2006-10-28,0,CLIC
2006-10-29,0,CLIC
2006-10-30,0,CLIC
2006-10-31,0,CLIC
2006-11-01,32,CLIC
2006-11-02,15,CLIC
2006-11-03,0.7,CLIC
2006-11-04,0.3,CLIC
2006-11-05,0,CLIC
2006-11-06,0,CLIC
2006-11-07,0,CLIC
2006-11-08,0,CLIC
2006-11-09,0,CLIC
2006-11-10,0,CLIC
2006-11-11,0,CLIC
2006-11-12,0,CLIC
2006-11-13,0,CLIC
2006-11-14,0,CLIC
2006-11-15,0,CLIC
2006-11-16,0,CLIC
2006-11-17,0,CLIC
2006-11-18,0,CLIC
2006-11-19,0,CLIC
2006-11-20,0,CLIC
2006-11-21,0,CLIC
2006-11-22,0,CLIC
2006-11-23,0,CLIC
2006-11-24,0,CLIC
2006-11-25,0,CLIC
2006-11-26,0,CLIC
2006-11-27,0,CLIC
2006-11-28,0,CLIC
2006-11-29,0,CLIC
2006-11-30,0,CLIC
2006-12-01,0,CLIC
2006-12-02,0.2,CLIC
2006-12-03,0.2,CLIC
2006-12-04,0,CLIC
2006-12-05,0,CLIC
2006-12-06,0,CLIC
2006-12-07,40,CLIC
2006-12-08,0.4,CLIC
2006-12-09,0.3,CLIC
2006-12-10,0,CLIC
2006-12-11,0,CLIC
2006-12-12,0,CLIC
2006-12-13,0,CLIC
2006-12-14,0,CLIC
2006-12-15,0,CLIC
2006-12-16,0,CLIC
2006-12-17,0,CLIC
2006-12-18,0.3,CLIC
2006-12-19,0,CLIC
2006-12-20,0,CLIC
2006-12-21,0,CLIC
2006-12-22,0.3,CLIC
2006-12-23,0.9,CLIC
2006-12-24,0,CLIC
2006-12-25,0,CLIC
2006-12-26,0,CLIC
2006-12-27,0,CLIC
2006-12-28,0,CLIC
2006-12-29,0.3,CLIC
2006-12-30,0,CLIC
2006-12-31,0,CLIC
2007-01-01,0,CLIC
2007-01-02,0.4,CLIC
2007-01-03,14,CLIC
2007-01-04,0,CLIC
2007-01-05,0,CLIC
2007-01-06,0,CLIC
2007-01-07,0,CLIC
2007-01-08,0,CLIC
2007-01-09,0,CLIC
2007-01-10,0,CLIC
2007-01-11,0,CLIC
2007-01-12,0,CLIC
2007-01-13,0,CLIC
2007-01-14,0,CLIC
2007-01-15,0,CLIC
2007-01-16,0,CLIC
2007-01-17,0.1,CLIC
2007-01-18,0.2,CLIC
2007-01-19,0.3,CLIC
2007-01-20,0,CLIC
2007-01-21,0,CLIC
2007-01-22,0.5,CLIC
2007-01-23,0,CLIC
2007-01-24,0.5,CLIC
2007-01-25,0,CLIC
2007-01-26,0,CLIC
2007-01-27,0,CLIC
2007-01-28,0,CLIC
2007-01-29,0,CLIC
2007-01-30,0,CLIC
2007-01-31,0,CLIC
2007-02-01,0,CLIC
2007-02-02,0.9,CLIC
2007-02-03,0.1,CLIC
2007-02-04,0.6,CLIC
2007-02-05,0.6,CLIC
2007-02-06,0,CLIC
2007-02-07,0,CLIC
2007-02-08,0,CLIC
2007-02-09,0.6,CLIC
2007-02-10,0.3,CLIC
2007-02-11,0.1,CLIC
2007-02-12,0,CLIC
2007-02-13,0.1,CLIC
2007-02-14,0,CLIC
2007-02-15,0,CLIC
2007-02-16,0,CLIC
2007-02-17,0,CLIC
2007-02-18,0,CLIC
2007-02-19,0,CLIC
2007-02-20,0,CLIC
2007-02-21,0,CLIC
2007-02-22,0,CLIC
2007-02-23,0,CLIC
2007-02-24,0,CLIC
2007-02-25,0,CLIC
2007-02-26,0,CLIC
2007-02-27,0,CLIC
2007-02-28,0,CLIC
2007-03-01,0,CLIC
2007-03-02,0,CLIC
2007-03-03,0,CLIC
2007-03-04,0,CLIC
2007-03-05,0,CLIC
2007-03-06,0,CLIC
2007-03-07,0,CLIC
2007-03-08,0,CLIC
2007-03-09,0,CLIC
2007-03-10,0,CLIC
2007-03-11,0,CLIC
2007-03-12,0,CLIC
2007-03-13,0,CLIC
2007-03-14,0,CLIC
2007-03-15,0.1,CLIC
2007-03-16,0,CLIC
2007-03-17,0,CLIC
2007-03-18,0,CLIC
2007-03-19,0,CLIC
2007-03-20,0,CLIC
2007-03-21,0,CLIC
2007-03-22,0,CLIC
2007-03-23,0,CLIC
2007-03-24,0,CLIC
2007-03-25,0,CLIC
2007-03-26,0,CLIC
2007-03-27,0,CLIC
2007-03-28,0,CLIC
2007-03-29,0,CLIC
2007-03-30,0,CLIC
2007-03-31,0,CLIC
2007-04-01,0,CLIC
2007-04-02,0,CLIC
2007-04-03,0,CLIC
2007-04-04,20,CLIC
2007-04-05,0,CLIC
2007-04-06,34,CLIC
2007-04-07,19,CLIC
2007-04-08,0,CLIC
2007-04-09,0,CLIC
2007-04-10,0,CLIC
2007-04-11,0,CLIC
2007-04-12,0,CLIC
2007-04-13,0,CLIC
2007-04-14,0,CLIC
2007-04-15,0,CLIC
2007-04-16,0,CLIC
2007-04-17,0,CLIC
2007-04-18,0,CLIC
2007-04-19,0,CLIC
2007-04-20,0,CLIC
2007-04-21,0,CLIC
2007-04-22,0,CLIC
2007-04-23,0,CLIC
2007-04-24,0,CLIC
2007-04-25,0,CLIC
2007-04-26,0,CLIC
2007-04-27,0.2,CLIC
2007-04-28,0,CLIC
2007-04-29,0,CLIC
2007-04-30,0,CLIC
2007-05-01,0,CLIC
2007-05-02,0.6,CLIC
2007-05-03,0,CLIC
2007-05-04,0,CLIC
2007-05-05,0,CLIC
2007-05-06,0,CLIC
2007-05-07,0,CLIC
2007-05-08,17,CLIC
2007-05-09,17,CLIC
2007-05-10,0.1,CLIC
2007-05-11,0,CLIC
2007-05-12,0,CLIC
2007-05-13,0,CLIC
2007-05-14,0,CLIC
2007-05-15,0,CLIC
2007-05-16,0,CLIC
2007-05-17,0.8,CLIC
2007-05-18,23,CLIC
2007-05-19,15,CLIC
2007-05-20,0.1,CLIC
2007-05-21,0,CLIC
2007-05-22,13,CLIC
2007-05-23,0,CLIC
2007-05-24,0,CLIC
2007-05-25,54,CLIC
2007-05-26,0,CLIC
2007-05-27,0,CLIC
2007-05-28,0,CLIC
2007-05-29,0,CLIC
2007-05-30,0,CLIC
2007-05-31,0,CLIC
2007-06-01,0,CLIC
2007-06-02,0,CLIC
2007-06-03,0.3,CLIC
2007-06-04,0.3,CLIC
2007-06-05,0,CLIC
2007-06-06,0,CLIC
2007-06-07,0,CLIC
2007-06-08,0.4,CLIC
2007-06-09,0,CLIC
2007-06-10,0,CLIC
2007-06-11,0,CLIC
2007-06-12,0,CLIC
2007-06-13,0,CLIC
2007-06-14,0,CLIC
2007-06-15,0,CLIC
2007-06-16,0,CLIC
2007-06-17,0,CLIC
2007-06-18,0,CLIC
2007-06-19,0.6,CLIC
2007-06-20,14,CLIC
2007-06-21,57,CLIC
2007-06-22,0.6,CLIC
2007-06-23,0.3,CLIC
2007-06-24,0,CLIC
2007-06-25,0,CLIC
2007-06-26,0,CLIC
2007-06-27,0,CLIC
2007-06-28,0.1,CLIC
2007-06-29,15,CLIC
2007-06-30,19,CLIC
2007-07-01,0,CLIC
2007-07-02,0,CLIC
2007-07-03,0,CLIC
2007-07-04,0.9,CLIC
2007-07-05,0.1,CLIC
2007-07-06,0.2,CLIC
2007-07-07,0.1,CLIC
2007-07-08,0,CLIC
2007-07-09,0,CLIC
2007-07-10,0,CLIC
2007-07-11,0,CLIC
2007-07-12,0,CLIC
2007-07-13,0,CLIC
2007-07-14,0.4,CLIC
2007-07-15,0.1,CLIC
2007-07-16,0.1,CLIC
2007-07-17,30,CLIC
2007-07-18,0.6,CLIC
2007-07-19,0.5,CLIC
2007-07-20,0.2,CLIC
2007-07-21,0,CLIC
2007-07-22,0,CLIC
2007-07-23,0,CLIC
2007-07-24,20,CLIC
2007-07-25,0.9,CLIC
2007-07-26,0,CLIC
2007-07-27,0,CLIC
2007-07-28,0,CLIC
2007-07-29,10,CLIC
2007-07-30,0,CLIC
2007-07-31,0,CLIC
2007-08-01,0,CLIC
2007-08-02,0,CLIC
2007-08-03,0,CLIC
2007-08-04,0,CLIC
2007-08-05,0,CLIC
2007-08-06,0,CLIC
2007-08-07,0,CLIC
2007-08-08,0,CLIC
2007-08-09,0,CLIC
2007-08-10,0,CLIC
2007-08-11,0,CLIC
2007-08-12,0,CLIC
2007-08-13,0.5,CLIC
2007-08-14,0,CLIC
2007-08-15,0,CLIC
2007-08-16,10,CLIC
2007-08-17,0.3,CLIC
2007-08-18,0,CLIC
2007-08-19,0,CLIC
2007-08-20,0,CLIC
2007-08-21,0.2,CLIC
2007-08-22,16,CLIC
2007-08-23,0,CLIC
2007-08-24,0,CLIC
2007-08-25,0.3,CLIC
2007-08-26,23,CLIC
2007-08-27,25,CLIC
2007-08-28,20,CLIC
2007-08-29,23,CLIC
2007-08-30,0.2,CLIC
2007-08-31,0,CLIC
2007-09-01,0,CLIC
2007-09-02,23,CLIC
2007-09-03,22,CLIC
2007-09-04,23,CLIC
2007-09-05,0,CLIC
2007-09-06,0,CLIC
2007-09-07,0,CLIC
2007-09-08,0,CLIC
2007-09-09,0,CLIC
2007-09-10,0,CLIC
2007-09-11,0.2,CLIC
2007-09-12,0,CLIC
2007-11-03,13,CLIC
2007-11-04,0,CLIC
2007-11-05,0,CLIC
2007-11-06,3.5,CLIC
2007-11-07,0,CLIC
2007-11-08,0,CLIC
2007-11-09,0,CLIC
2007-11-10,0,CLIC
2007-11-11,0,CLIC
2007-11-12,0,CLIC
2007-11-13,0,CLIC
2007-11-14,0,CLIC
2007-11-15,0,CLIC
2007-11-16,0,CLIC
2007-11-17,0,CLIC
2007-11-18,0.3,CLIC
2007-11-19,0,CLIC
2007-11-20,0.3,CLIC
2007-11-21,0,CLIC
2007-11-22,0,CLIC
2007-11-23,0.2,CLIC
2007-11-24,0.5,CLIC
2007-11-25,0,CLIC
2007-11-26,0,CLIC
2007-11-27,0,CLIC
2007-11-28,0,CLIC
2007-11-29,1,CLIC
2007-11-30,2.5,CLIC
2007-12-01,0,CLIC
2007-12-02,0,CLIC
2007-12-03,0,CLIC
2007-12-04,0,CLIC
2007-12-05,0,CLIC
2007-12-06,0,CLIC
2007-12-07,0,CLIC
2007-12-08,0,CLIC
2007-12-09,0,CLIC
2007-12-10,0,CLIC
2007-12-11,0,CLIC
2007-12-12,0.5,CLIC
2007-12-13,0.5,CLIC
2007-12-14,0,CLIC
2007-12-15,0,CLIC
2007-12-16,0,CLIC
2007-12-17,0,CLIC
2007-12-18,0,CLIC
2007-12-19,0,CLIC
2007-12-20,0,CLIC
2007-12-21,0,CLIC
2007-12-22,0,CLIC
2007-12-23,0,CLIC
2007-12-24,0,CLIC
2007-12-25,0,CLIC
2007-12-26,0,CLIC
2007-12-27,0,CLIC
2007-12-28,0,CLIC
2007-12-29,0,CLIC
2007-12-30,0,CLIC
2007-12-31,0,CLIC
2008-01-01,0,CLIC
2008-01-02,0,CLIC
2008-01-03,0,CLIC
2008-01-04,0,CLIC
2008-01-05,0,CLIC
2008-01-06,0,CLIC
2008-01-07,0,CLIC
2008-01-08,0,CLIC
2008-01-09,0,CLIC
2008-01-10,0,CLIC
2008-01-11,0,CLIC
2008-01-12,0,CLIC
2008-01-13,0,CLIC
2008-01-14,14,CLIC
2008-01-15,0.7,CLIC
2008-01-16,0,CLIC
2008-01-17,0.4,CLIC
2008-01-18,0,CLIC
2008-01-19,0,CLIC
2008-01-20,0,CLIC
2008-01-21,0,CLIC
2008-01-22,0,CLIC
2008-01-23,0.1,CLIC
2008-01-24,0.4,CLIC
2008-01-25,0,CLIC
2008-01-26,0,CLIC
2008-01-27,0,CLIC
2008-01-28,0,CLIC
2008-01-29,0,CLIC
2008-01-30,0,CLIC
2008-01-31,0,CLIC
2008-02-01,0,CLIC
2008-02-02,0,CLIC
2008-02-03,0,CLIC
2008-02-04,0,CLIC
2008-02-05,0,CLIC
2008-02-06,0,CLIC
2008-02-07,0,CLIC
2008-02-08,0,CLIC
2008-02-09,0,CLIC
2008-02-10,0,CLIC
2008-02-11,0,CLIC
2008-02-12,0,CLIC
2008-02-13,0,CLIC
2008-02-14,0,CLIC
2008-02-15,0,CLIC
2008-02-16,0,CLIC
2008-02-17,0,CLIC
2008-02-18,6,CLIC
2008-02-19,0,CLIC
2008-02-20,0,CLIC
2008-02-21,0,CLIC
2008-02-22,0,CLIC
2008-02-23,0,CLIC
2008-02-24,0,CLIC
2008-02-25,0,CLIC
2008-02-26,0,CLIC
2008-02-27,0,CLIC
2008-02-28,0,CLIC
2008-02-29,0,CLIC
2008-03-01,0,CLIC
2008-03-02,0,CLIC
2008-03-03,0,CLIC
2008-03-04,0,CLIC
2008-03-05,0,CLIC
2008-03-06,0,CLIC
2008-03-07,0,CLIC
2008-03-08,0,CLIC
2008-03-09,0,CLIC
2008-03-10,0,CLIC
2008-03-11,0,CLIC
2008-03-12,0,CLIC
2008-03-13,0,CLIC
2008-03-14,0,CLIC
2008-03-15,0,CLIC
2008-03-16,0,CLIC
2008-03-17,0,CLIC
2008-03-18,0,CLIC
2008-03-19,0,CLIC
2008-03-20,0,CLIC
2008-03-21,0,CLIC
2008-03-22,0.2,CLIC
2008-03-23,22,CLIC
2008-03-24,0,CLIC
2008-03-25,0,CLIC
2008-03-26,0,CLIC
2008-03-27,0,CLIC
2008-03-28,0,CLIC
2008-03-29,0,CLIC
2008-03-30,0,CLIC
2008-03-31,0,CLIC
2008-04-01,0,CLIC
2008-04-02,0,CLIC
2008-04-03,0,CLIC
2008-04-04,0,CLIC
2008-04-05,0,CLIC
2008-04-06,0,CLIC
2008-04-07,0,CLIC
2008-04-08,0,CLIC
2008-04-09,0,CLIC
2008-04-10,0,CLIC
2008-04-11,0,CLIC
2008-04-12,0,CLIC
2008-04-13,0,CLIC
2008-04-14,0,CLIC
2008-04-15,0,CLIC
2008-04-16,0,CLIC
2008-04-17,0,CLIC
2008-04-18,0,CLIC
2008-04-19,0,CLIC
2008-04-20,0,CLIC
2008-04-21,0,CLIC
2008-04-22,0,CLIC
2008-04-23,0,CLIC
2008-04-24,0,CLIC
2008-04-25,0.8,CLIC
2008-04-26,0.6,CLIC
2008-04-27,18,CLIC
2008-04-28,0,CLIC
2008-04-29,0,CLIC
2008-04-30,0,CLIC
2008-05-01,0,CLIC
2008-05-02,0,CLIC
2008-05-03,20,CLIC
2008-05-04,0.3,CLIC
2008-05-05,0.2,CLIC
2008-05-06,0.3,CLIC
2008-05-07,0,CLIC
2008-05-08,0,CLIC
2008-05-09,0,CLIC
2008-05-10,0,CLIC
2008-05-11,0,CLIC
2008-05-12,0,CLIC
2008-05-13,0,CLIC
2008-05-14,0,CLIC
2008-05-15,0,CLIC
2008-05-16,0,CLIC
2008-05-17,13,CLIC
2008-05-18,0,CLIC
2008-05-19,0,CLIC
2008-05-20,0,CLIC
2008-05-21,0,CLIC
2008-05-22,0,CLIC
2008-05-23,0,CLIC
2008-05-24,0,CLIC
2008-05-25,0,CLIC
2008-05-26,0,CLIC
2008-05-27,0,CLIC
2008-05-28,0,CLIC
2008-05-29,0,CLIC
2008-05-30,0,CLIC
2008-05-31,0,CLIC
2008-06-01,0,CLIC
2008-06-02,0,CLIC
2008-06-03,0,CLIC
2008-06-04,0,CLIC
2008-06-05,0,CLIC
2008-06-06,0,CLIC
2008-06-07,0,CLIC
2008-06-08,0,CLIC
2008-06-09,0,CLIC
2008-06-10,0,CLIC
2008-06-11,0,CLIC
2008-06-12,0,CLIC
2008-06-13,0.3,CLIC
2008-06-14,0,CLIC
2008-06-15,0,CLIC
2008-06-16,0,CLIC
2008-06-17,0,CLIC
2008-06-18,0,CLIC
2008-06-19,0,CLIC
2008-06-20,0,CLIC
2008-06-21,0,CLIC
2008-06-22,0.6,CLIC
2008-06-23,0,CLIC
2008-06-24,0,CLIC
2008-06-25,0,CLIC
2008-06-26,0,CLIC
2008-06-27,0,CLIC
2008-06-28,0,CLIC
2008-06-29,0,CLIC
2008-06-30,0,CLIC
2008-07-01,0,CLIC
2008-07-02,0,CLIC
2008-07-03,10,CLIC
2008-07-04,29,CLIC
2008-07-05,45,CLIC
2008-07-06,36,CLIC
2008-07-07,20,CLIC
2008-07-08,0.3,CLIC
2008-07-09,0.1,CLIC
2008-07-10,0,CLIC
2008-07-11,0,CLIC
2008-07-12,0,CLIC
2008-07-13,0,CLIC
2008-07-14,0,CLIC
2008-07-15,0,CLIC
2008-07-16,0,CLIC
2008-07-17,0,CLIC
2008-07-18,0.2,CLIC
2008-07-19,0,CLIC
2008-07-20,0,CLIC
2008-07-21,0,CLIC
2008-07-22,0,CLIC
2008-07-23,0.1,CLIC
2008-07-24,0.2,CLIC
2008-07-25,0,CLIC
2008-07-26,0,CLIC
2008-07-27,0,CLIC
2008-07-28,0,CLIC
2008-07-29,0,CLIC
2008-07-30,0,CLIC
2008-07-31,0,CLIC
2008-08-01,0,CLIC
2008-08-02,0,CLIC
2008-08-03,0,CLIC
2008-08-04,0,CLIC
2008-08-05,0,CLIC
2008-08-06,0,CLIC
2008-08-07,0,CLIC
2008-08-08,0.1,CLIC
2008-08-09,0,CLIC
2008-08-10,0,CLIC
2008-08-11,0,CLIC
2008-08-12,0,CLIC
2008-08-13,57,CLIC
2008-08-14,0,CLIC
2008-08-15,0,CLIC
2008-08-16,0,CLIC
2008-08-17,0.1,CLIC
2008-08-18,0.3,CLIC
2008-08-19,0,CLIC
2008-08-20,0,CLIC
2008-08-21,0,CLIC
2008-08-22,0.2,CLIC
2008-08-23,0.3,CLIC
2008-08-24,0.4,CLIC
2008-08-25,38,CLIC
2008-08-26,0.7,CLIC
2008-08-27,0.1,CLIC
2008-08-28,0.1,CLIC
2008-08-29,0.9,CLIC
2008-08-30,0.7,CLIC
2008-08-31,0,CLIC
2008-09-01,0,CLIC
2008-09-02,0,CLIC
2008-09-03,17,CLIC
2008-09-04,0.5,CLIC
2008-09-05,28,CLIC
2008-09-06,0,CLIC
2008-09-07,0,CLIC
2008-09-08,0,CLIC
2008-09-09,15,CLIC
2008-09-10,0.1,CLIC
2008-09-11,0.1,CLIC
2008-09-12,0,CLIC
2008-09-13,0.9,CLIC
2008-09-14,86,CLIC
2008-09-15,31,CLIC
2008-09-16,0,CLIC
2008-09-17,0,CLIC
2008-09-18,0,CLIC
2008-09-19,0,CLIC
2008-09-20,0,CLIC
2008-09-21,0,CLIC
2008-09-22,0.2,CLIC
2008-12-01,0,CLIC
2008-12-02,0,CLIC
2008-12-03,0,CLIC
2008-12-04,0,CLIC
2008-12-05,0,CLIC
2008-12-06,0,CLIC
2008-12-07,0,CLIC
2008-12-08,0,CLIC
2008-12-09,0,CLIC
2008-12-10,0,CLIC
2008-12-11,0,CLIC
2008-12-12,0,CLIC
2008-12-13,0,CLIC
2008-12-14,0,CLIC
2008-12-15,1,CLIC
2008-12-16,0,CLIC
2008-12-17,1,CLIC
2008-12-18,0,CLIC
2008-12-19,0,CLIC
2008-12-20,0,CLIC
2008-12-21,1.3,CLIC
2008-12-22,0.7,CLIC
2008-12-23,0,CLIC
2008-12-24,0,CLIC
2008-12-25,0,CLIC
2008-12-26,0,CLIC
2008-12-27,0,CLIC
2008-12-28,0,CLIC
2008-12-29,0,CLIC
2008-12-30,0,CLIC
2008-12-31,0,CLIC
2009-02-01,0,CLIC
2009-02-02,0,CLIC
2009-02-03,0,CLIC
2009-02-04,0,CLIC
2009-02-05,0,CLIC
2009-02-06,0,CLIC
2009-02-07,0,CLIC
2009-02-08,0,CLIC
2009-02-09,0,CLIC
2009-02-10,0,CLIC
2009-02-11,0,CLIC
2009-02-12,0,CLIC
2009-02-13,0,CLIC
2009-02-14,0,CLIC
2009-02-15,0,CLIC
2009-02-16,2.5,CLIC
2009-02-17,10,CLIC
2009-02-18,0,CLIC
2009-02-19,2,CLIC
2009-02-20,2.3,CLIC
2009-02-21,0,CLIC
2009-02-22,0,CLIC
2009-02-23,0,CLIC
2009-02-24,0,CLIC
2009-02-25,0,CLIC
2009-02-26,0,CLIC
2009-02-27,0,CLIC
2009-02-28,0,CLIC
2009-03-01,0,CLIC
2009-03-02,0,CLIC
2009-03-03,0,CLIC
2009-03-04,0,CLIC
2009-03-05,0,CLIC
2009-03-06,0,CLIC
2009-03-07,0,CLIC
2009-03-08,0,CLIC
2009-03-09,0,CLIC
2009-03-10,0,CLIC
2009-03-11,11.5,CLIC
2009-03-12,3,CLIC
2009-03-13,2.3,CLIC
2009-03-14,2.4,CLIC
2009-03-15,0.5,CLIC
2009-03-16,0,CLIC
2009-03-17,0,CLIC
2009-03-18,0,CLIC
2009-03-20,0.5,CLIC
2009-03-21,0,CLIC
2009-03-22,0,CLIC
2009-03-23,0,CLIC
2009-03-24,0,CLIC
2009-03-25,0,CLIC
2009-03-26,0,CLIC
2009-03-27,0,CLIC
2009-03-28,0,CLIC
2009-03-29,0,CLIC
2009-03-30,0,CLIC
2009-03-31,0,CLIC
2009-04-01,0,CLIC
2009-04-02,0,CLIC
2009-04-03,0,CLIC
2009-04-04,0,CLIC
2009-04-05,0,CLIC
2009-04-06,0,CLIC
2009-04-07,0,CLIC
2009-04-08,0,CLIC
2009-04-09,0,CLIC
2009-04-10,0.3,CLIC
2009-04-11,0,CLIC
2009-04-12,0,CLIC
2009-04-13,0,CLIC
2009-04-14,0,CLIC
2009-04-15,0,CLIC
2009-04-16,0,CLIC
2009-04-17,2.1,CLIC
2009-04-18,1.9,CLIC
2009-04-19,16.3,CLIC
2009-04-20,0,CLIC
2009-04-21,0,CLIC
2009-04-22,0,CLIC
2009-04-23,0,CLIC
2009-04-24,0,CLIC
2009-04-25,0,CLIC
2009-04-26,0,CLIC
2009-04-28,1,CLIC
2009-04-29,0,CLIC
2009-04-30,0,CLIC
2009-05-01,0,CLIC
2009-05-02,0,CLIC
2009-05-03,0,CLIC
2009-05-04,0,CLIC
2009-05-05,0,CLIC
2009-05-06,0,CLIC
2009-05-07,0,CLIC
2009-05-08,0,CLIC
2009-05-09,0,CLIC
2009-05-10,0,CLIC
2009-05-11,0,CLIC
2009-05-12,0,CLIC
2009-05-13,0,CLIC
2009-05-14,2.6,CLIC
2009-05-15,0,CLIC
2009-05-16,30.4,CLIC
2009-05-17,0,CLIC
2009-05-18,0,CLIC
2009-05-19,0,CLIC
2009-05-20,0,CLIC
2009-05-21,0,CLIC
2009-05-22,0,CLIC
2009-05-23,0,CLIC
2009-05-24,0,CLIC
2009-05-25,0,CLIC
2009-05-26,0,CLIC
2009-05-27,21,CLIC
2009-05-28,0,CLIC
2009-05-29,1.6,CLIC
2009-05-30,0,CLIC
2009-05-31,0,CLIC
2009-06-01,0,CLIC
2009-06-02,0,CLIC
2009-06-03,0,CLIC
2009-06-04,0,CLIC
2009-06-05,0,CLIC
2009-06-06,0,CLIC
2009-06-07,0,CLIC
2009-06-08,0,CLIC
2009-06-09,0,CLIC
2009-06-10,0,CLIC
2009-06-11,0,CLIC
2009-06-12,0,CLIC
2009-06-13,0,CLIC
2009-06-14,0,CLIC
2009-06-15,0,CLIC
2009-06-16,0,CLIC
2009-06-17,0,CLIC
2009-06-18,0,CLIC
2009-06-19,0,CLIC
2009-06-20,0,CLIC
2009-06-21,0,CLIC
2009-06-22,0,CLIC
2009-06-23,0,CLIC
2009-06-24,0,CLIC
2009-06-25,9.3,CLIC
2009-06-26,0,CLIC
2009-06-27,0,CLIC
2009-06-28,0,CLIC
2009-06-29,0,CLIC
2009-06-30,0,CLIC
2009-07-01,0,CLIC
2009-07-02,0,CLIC
2009-07-03,0,CLIC
2009-07-04,0,CLIC
2009-07-05,0,CLIC
2009-07-06,0,CLIC
2009-07-07,0,CLIC
2009-07-08,0,CLIC
2009-07-09,0,CLIC
2009-07-10,0,CLIC
2009-07-11,0,CLIC
2009-07-12,0,CLIC
2009-07-13,0,CLIC
2009-07-14,0,CLIC
2009-07-15,0,CLIC
2009-07-16,0,CLIC
2009-07-17,0,CLIC
2009-07-18,0,CLIC
2009-07-19,0,CLIC
2009-07-20,0,CLIC
2009-07-21,0,CLIC
2009-07-22,0,CLIC
2009-07-23,0,CLIC
2009-07-24,0,CLIC
2009-07-25,0,CLIC
2009-07-26,0,CLIC
2009-07-27,0,CLIC
2009-07-28,0,CLIC
2009-07-29,0,CLIC
2009-07-30,9.2,CLIC
2009-07-31,0,CLIC
2009-08-01,0,CLIC
2009-08-02,0,CLIC
2009-08-03,0,CLIC
2009-08-04,0,CLIC
2009-08-05,0,CLIC
2009-08-06,0,CLIC
2009-08-07,0,CLIC
2009-08-08,0,CLIC
2009-08-09,0,CLIC
2009-08-10,0,CLIC
2009-08-11,0,CLIC
2009-08-12,0,CLIC
2009-08-13,0,CLIC
2009-08-14,0,CLIC
2009-08-15,0,CLIC
2009-08-16,0,CLIC
2009-08-17,0,CLIC
2009-08-18,0,CLIC
2009-08-19,0,CLIC
2009-08-20,0,CLIC
2009-08-21,0,CLIC
2009-08-22,0,CLIC
2009-08-23,0,CLIC
2009-08-24,0,CLIC
2009-08-25,0,CLIC
2009-08-26,0,CLIC
2009-08-27,0,CLIC
2009-08-28,1.8,CLIC
2009-08-29,19,CLIC
2009-08-30,20,CLIC
2009-08-31,21,CLIC
2009-09-01,15,CLIC
2009-09-02,12,CLIC
2009-09-03,16.6,CLIC
2009-09-04,4.1,CLIC
2009-09-05,0,CLIC
2009-09-06,1,CLIC
2009-09-07,38.5,CLIC
2009-09-08,0,CLIC
2009-09-09,0,CLIC
2009-09-10,37.8,CLIC
2009-09-11,8,CLIC
2009-09-12,0.7,CLIC
2009-09-13,0,CLIC
2009-09-14,0,CLIC
2009-09-15,0,CLIC
2009-09-16,8.4,CLIC
2009-09-17,0,CLIC
2009-09-18,9.2,CLIC
2009-09-19,31.1,CLIC
2009-09-20,0,CLIC
2009-09-21,0,CLIC
2009-09-22,52.1,CLIC
2009-09-23,1.8,CLIC
2009-09-24,0.9,CLIC
2009-09-25,1,CLIC
2009-09-26,0,CLIC
2009-09-27,0,CLIC
2009-09-28,0,CLIC
2009-09-29,0,CLIC
2009-09-30,0,CLIC
2009-10-01,0,CLIC
2009-10-02,8.4,CLIC
2009-10-03,0,CLIC
2009-10-04,0,CLIC
2009-10-05,0,CLIC
2009-10-06,1,CLIC
2009-10-07,0,CLIC
2009-10-08,5.8,CLIC
2009-10-09,0,CLIC
2009-10-10,0,CLIC
2009-10-11,4.5,CLIC
2009-10-12,1,CLIC
2009-10-13,0,CLIC
2009-10-14,0,CLIC
2009-10-15,0,CLIC
2009-10-16,7.5,CLIC
2009-10-17,9.3,CLIC
2009-10-18,0,CLIC
2009-10-19,0,CLIC
2009-10-20,0,CLIC
2009-10-21,0,CLIC
2009-10-22,0,CLIC
2009-10-23,6.1,CLIC
2009-10-24,0,CLIC
2009-10-25,0,CLIC
2009-10-26,3.1,CLIC
2009-10-27,0,CLIC
2009-10-28,0,CLIC
2009-10-29,0,CLIC
2009-10-30,0,CLIC
2009-10-31,0,CLIC
2009-12-01,1.5,CLIC
2009-12-02,4.8,CLIC
2009-12-03,0,CLIC
2009-12-04,0,CLIC
2009-12-05,0,CLIC
2009-12-06,0,CLIC
2009-12-07,0,CLIC
2009-12-08,0,CLIC
2009-12-09,0,CLIC
2009-12-10,2.6,CLIC
2009-12-11,1,CLIC
2009-12-12,0.8,CLIC
2009-12-13,0,CLIC
2009-12-14,0,CLIC
2009-12-15,0,CLIC
2009-12-16,2.3,CLIC
2009-12-17,5.4,CLIC
2009-12-18,0,CLIC
2009-12-19,0.4,CLIC
2009-12-20,8.1,CLIC
2009-12-21,0,CLIC
2009-12-22,0,CLIC
2009-12-23,0,CLIC
2009-12-24,0,CLIC
2009-12-25,0,CLIC
2009-12-26,0,CLIC
2009-12-27,6.2,CLIC
2009-12-28,3.9,CLIC
2009-12-29,0,CLIC
2009-12-30,0,CLIC
2009-12-31,0,CLIC
2010-01-01,0,CLIC
2010-01-02,0,CLIC
2010-01-03,3.3,CLIC
2010-01-04,11,CLIC
2010-01-05,1.4,CLIC
2010-01-06,0,CLIC
2010-01-07,0,CLIC
2010-01-08,0,CLIC
2010-01-09,0,CLIC
2010-01-10,0,CLIC
2010-01-11,0.3,CLIC
2010-01-12,9.3,CLIC
2010-01-13,1.8,CLIC
2010-01-14,5.2,CLIC
2010-01-15,0.1,CLIC
2010-01-16,0,CLIC
2010-01-17,0,CLIC
2010-01-18,0,CLIC
2010-01-19,0,CLIC
2010-01-20,0,CLIC
2010-01-21,0,CLIC
2010-01-22,0,CLIC
2010-01-23,0,CLIC
2010-01-24,0,CLIC
2010-01-25,0,CLIC
2010-01-26,0,CLIC
2010-01-27,0,CLIC
2010-01-28,0,CLIC
2010-01-29,0,CLIC
2010-01-30,0,CLIC
2010-01-31,0,CLIC
2010-02-01,0,CLIC
2010-02-02,18,CLIC
2010-02-03,0,CLIC
2010-02-04,0,CLIC
2010-02-05,0,CLIC
2010-02-06,0,CLIC
2010-02-07,0,CLIC
2010-02-08,0,CLIC
2010-02-09,0,CLIC
2010-02-10,0,CLIC
2010-02-11,0,CLIC
2010-02-12,0,CLIC
2010-02-13,0,CLIC
2010-02-14,0,CLIC
2010-02-15,0,CLIC
2010-02-16,0,CLIC
2010-02-17,0,CLIC
2010-02-18,0,CLIC
2010-02-19,0,CLIC
2010-02-20,0,CLIC
2010-02-21,0,CLIC
2010-02-22,3.7,CLIC
2010-02-23,0,CLIC
2010-02-24,0,CLIC
2010-02-25,0,CLIC
2010-02-26,0,CLIC
2010-02-27,0,CLIC
2010-02-28,0,CLIC
2010-03-01,0,CLIC
2010-03-02,0,CLIC
2010-03-03,0,CLIC
2010-03-04,0.3,CLIC
2010-03-05,0.6,CLIC
2010-03-06,11.6,CLIC
2010-03-07,0,CLIC
2010-03-08,0,CLIC
2010-03-09,0,CLIC
2010-03-10,0,CLIC
2010-03-11,0,CLIC
2010-03-12,0,CLIC
2010-03-13,0,CLIC
2010-03-14,0,CLIC
2010-03-15,18.5,CLIC
2010-03-16,0,CLIC
2010-03-17,0,CLIC
2010-03-18,0,CLIC
2010-03-19,0,CLIC
2010-03-20,0,CLIC
2010-03-21,0,CLIC
2010-03-22,0,CLIC
2010-03-23,0,CLIC
2010-03-24,0,CLIC
2010-03-25,0,CLIC
2010-03-26,0,CLIC
2010-03-27,0,CLIC
2010-03-28,0,CLIC
2010-03-29,0,CLIC
2010-03-30,0,CLIC
2010-03-31,0,CLIC
2010-04-01,0,CLIC
2010-04-02,0,CLIC
2010-04-03,0,CLIC
2010-04-04,0,CLIC
2010-04-05,0,CLIC
2010-04-06,0,CLIC
2010-04-07,0,CLIC
2010-04-08,0,CLIC
2010-04-09,3,CLIC
2010-04-10,1.9,CLIC
2010-04-11,58.9,CLIC
2010-04-12,17.8,CLIC
2010-04-13,60.3,CLIC
2010-04-14,14.6,CLIC
2010-04-15,6.8,CLIC
2010-04-16,0,CLIC
2010-04-17,80,CLIC
2010-04-18,0,CLIC
2010-04-19,23,CLIC
2010-04-20,0,CLIC
2010-04-21,4.4,CLIC
2010-04-22,0,CLIC
2010-04-23,0,CLIC
2010-04-24,0,CLIC
2010-04-25,0,CLIC
2010-04-26,0,CLIC
2010-04-27,0,CLIC
2010-04-28,0,CLIC
2010-04-29,0,CLIC
2010-04-30,0,CLIC
2010-05-01,0,CLIC
2010-05-02,0,CLIC
2010-05-03,0,CLIC
2010-05-04,0,CLIC
2010-05-05,0,CLIC
2010-05-06,0,CLIC
2010-05-07,0,CLIC
2010-05-08,0,CLIC
2010-05-09,0,CLIC
2010-05-10,0,CLIC
2010-05-11,0,CLIC
2010-05-12,5.2,CLIC
2010-05-13,0.2,CLIC
2010-05-14,0.3,CLIC
2010-05-15,0,CLIC
2010-05-16,0,CLIC
2010-05-17,0,CLIC
2010-05-18,0,CLIC
2010-05-19,0,CLIC
2010-05-20,0.1,CLIC
2010-05-21,0,CLIC
2010-05-22,0,CLIC
2010-05-23,0,CLIC
2010-05-24,3.5,CLIC
2010-05-25,5.5,CLIC
2010-05-26,5,CLIC
2010-05-27,0.1,CLIC
2010-05-28,0,CLIC
2010-05-29,9.2,CLIC
2010-05-30,2.2,CLIC
2010-05-31,0,CLIC
2010-06-01,0,CLIC
2010-06-02,0,CLIC
2010-06-03,11.5,CLIC
2010-06-04,0,CLIC
2010-06-05,0,CLIC
2010-06-06,0.2,CLIC
2010-06-07,7,CLIC
2010-06-08,0,CLIC
2010-06-09,0,CLIC
2010-06-10,10,CLIC
2010-06-11,0.2,CLIC
2010-06-12,0,CLIC
2010-06-13,0,CLIC
2010-06-14,0,CLIC
2010-06-15,0,CLIC
2010-06-16,0,CLIC
2010-06-17,0,CLIC
2010-06-18,0,CLIC
2010-06-19,0,CLIC
2010-06-20,0,CLIC
2010-06-21,0,CLIC
2010-06-22,0,CLIC
2010-06-23,0,CLIC
2010-06-24,0,CLIC
2010-06-25,0,CLIC
2010-06-26,0,CLIC
2010-06-27,0,CLIC
2010-06-28,10.9,CLIC
2010-06-29,12,CLIC
2010-06-30,268.7,CLIC
2010-07-01,190.3,CLIC
2010-07-02,18.5,CLIC
2010-07-03,4,CLIC
2010-07-04,2.5,CLIC
2010-07-05,60.1,CLIC
2010-07-06,44.5,CLIC
2010-07-07,9.5,CLIC
2010-07-08,8.5,CLIC
2010-07-09,0,CLIC
2010-07-10,0,CLIC
2010-07-11,0,CLIC
2010-07-12,0,CLIC
2010-07-13,0,CLIC
2010-07-14,0,CLIC
2010-07-15,0,CLIC
2010-07-16,0,CLIC
2010-07-17,0,CLIC
2010-07-18,0,CLIC
2010-07-19,0,CLIC
2010-07-20,0,CLIC
2010-07-21,18.6,CLIC
2010-07-22,5.8,CLIC
2010-07-23,37.8,CLIC
2010-07-24,0,CLIC
2010-07-25,1.3,CLIC
2010-07-26,18,CLIC
2010-07-27,5.5,CLIC
2010-07-28,8.5,CLIC
2010-07-29,0,CLIC
2010-07-30,0,CLIC
2010-07-31,0,CLIC
2010-08-01,0,CLIC
2010-08-02,0,CLIC
2010-08-03,0,CLIC
2010-08-04,0,CLIC
2010-08-05,0,CLIC
2010-08-06,0,CLIC
2010-08-07,0,CLIC
2010-08-08,0,CLIC
2010-08-09,0,CLIC
2010-08-10,0,CLIC
2010-08-11,0,CLIC
2010-08-12,0,CLIC
2010-08-13,0,CLIC
2010-08-14,0,CLIC
2010-08-15,0,CLIC
2010-08-16,0,CLIC
2010-08-17,0,CLIC
2010-08-18,0,CLIC
2010-08-19,0,CLIC
2010-08-20,0,CLIC
2010-08-21,0,CLIC
2010-08-22,0,CLIC
2010-08-23,0,CLIC
2010-08-24,0,CLIC
2010-08-25,1.1,CLIC
2010-08-26,0,CLIC
2010-08-27,0,CLIC
2010-08-28,0,CLIC
2010-08-29,0,CLIC
2010-08-30,0,CLIC
2010-08-31,0,CLIC
2010-09-01,0,CLIC
2010-09-02,0,CLIC
2010-09-03,72.4,CLIC
2010-09-04,12.9,CLIC
2010-09-05,2,CLIC
2010-09-06,0.4,CLIC
2010-09-07,5.2,CLIC
2010-09-08,0,CLIC
2010-09-09,0,CLIC
2010-09-10,0,CLIC
2010-09-11,0,CLIC
2010-09-12,5.4,CLIC
2010-09-13,0,CLIC
2010-09-14,0,CLIC
2010-09-15,0,CLIC
2010-09-16,0,CLIC
2010-09-17,34.4,CLIC
2010-09-18,37.1,CLIC
2010-09-19,65.9,CLIC
2010-09-20,149.2,CLIC
2010-09-21,1.6,CLIC
2010-09-22,0,CLIC
2010-09-23,39.8,CLIC
2010-09-24,0.3,CLIC
2010-09-25,76.1,CLIC
2010-09-26,10.4,CLIC
2010-09-27,0,CLIC
2010-09-28,0,CLIC
2010-09-29,0,CLIC
2010-09-30,0,CLIC
2010-10-01,0,CLIC
2010-10-02,0,CLIC
2010-10-03,0,CLIC
2010-10-04,0,CLIC
2010-10-05,0,CLIC
2010-10-06,0,CLIC
2010-10-07,0,CLIC
2010-10-08,0,CLIC
2010-10-09,0,CLIC
2010-10-10,0,CLIC
2010-10-11,0,CLIC
2010-10-12,0,CLIC
2010-10-13,0,CLIC
2010-10-14,0,CLIC
2010-10-15,0,CLIC
2010-10-16,0,CLIC
2010-10-17,0,CLIC
2010-10-18,0,CLIC
2010-10-19,0,CLIC
2010-10-20,0,CLIC
2010-10-21,0,CLIC
2010-10-22,0,CLIC
2010-10-23,0,CLIC
2010-10-24,0,CLIC
2010-10-25,0,CLIC
2010-10-26,0,CLIC
2010-10-27,8.2,CLIC
2010-10-28,0.4,CLIC
2010-10-29,0,CLIC
2010-10-30,0,CLIC
2010-10-31,0,CLIC
2010-11-01,0,CLIC
2010-11-02,0,CLIC
2010-11-03,0,CLIC
2010-11-04,0,CLIC
2010-11-05,0,CLIC
2010-11-06,0,CLIC
2010-11-07,0,CLIC
2010-11-08,0,CLIC
2010-11-09,0,CLIC
2010-11-10,0,CLIC
2010-11-11,0,CLIC
2010-11-12,0,CLIC
2010-11-13,0,CLIC
2010-11-14,0,CLIC
2010-11-15,0,CLIC
2010-11-16,0,CLIC
2010-11-17,0,CLIC
2010-11-18,0,CLIC
2010-11-19,0,CLIC
2010-11-20,0,CLIC
2010-11-21,0,CLIC
2010-11-22,0,CLIC
2010-11-23,0,CLIC
2010-11-24,0,CLIC
2010-11-25,0,CLIC
2010-11-26,0,CLIC
2010-11-27,0,CLIC
2010-11-28,0,CLIC
2010-11-29,0,CLIC
2010-11-30,0,CLIC
2010-12-01,0,CLIC
2010-12-02,0,CLIC
2010-12-03,0,CLIC
2010-12-04,0,CLIC
2010-12-05,0,CLIC
2010-12-06,0,CLIC
2010-12-07,0,CLIC
2010-12-08,0,CLIC
2010-12-09,0,CLIC
2010-12-10,0,CLIC
2010-12-11,0,CLIC
2010-12-12,0,CLIC
2010-12-13,0,CLIC
2010-12-14,0,CLIC
2010-12-15,0,CLIC
2010-12-16,0,CLIC
2010-12-17,0,CLIC
2010-12-18,0,CLIC
2010-12-19,0,CLIC
2010-12-20,0,CLIC
2010-12-21,0,CLIC
2010-12-22,0,CLIC
2010-12-23,0,CLIC
2010-12-24,0,CLIC
2010-12-25,0,CLIC
2010-12-26,0,CLIC
2010-12-27,0,CLIC
2010-12-28,0,CLIC
2010-12-29,0,CLIC
2010-12-30,0,CLIC
2010-12-31,0,CLIC
2011-01-01,0,CLIC
2011-01-02,0,CLIC
2011-01-03,0,CLIC
2011-01-04,0,CLIC
2011-01-05,0,CLIC
2011-01-06,0,CLIC
2011-01-07,0,CLIC
2011-01-08,0,CLIC
2011-01-09,0,CLIC
2011-01-10,4.2,CLIC
2011-01-11,5.4,CLIC
2011-01-12,8.1,CLIC
2011-01-13,2.2,CLIC
2011-01-14,1.9,CLIC
2011-01-15,0,CLIC
2011-01-16,0,CLIC
2011-01-17,0,CLIC
2011-01-18,0,CLIC
2011-01-19,0,CLIC
2011-01-20,0,CLIC
2011-01-21,0,CLIC
2011-01-22,0,CLIC
2011-01-23,0,CLIC
2011-01-24,0,CLIC
2011-01-25,0,CLIC
2011-01-26,0,CLIC
2011-01-27,0,CLIC
2011-01-28,0,CLIC
2011-01-29,0,CLIC
2011-01-30,0,CLIC
2011-01-31,0,CLIC
2011-02-01,0,CLIC
2011-02-02,0,CLIC
2011-02-03,0,CLIC
2011-02-04,0,CLIC
2011-02-05,0,CLIC
2011-02-06,0,CLIC
2011-02-07,0,CLIC
2011-02-08,0,CLIC
2011-02-09,0,CLIC
2011-02-10,0,CLIC
2011-02-11,0,CLIC
2011-02-12,0,CLIC
2011-02-13,0,CLIC
2011-02-14,0,CLIC
2011-02-15,0,CLIC
2011-02-16,0,CLIC
2011-02-17,0,CLIC
2011-02-18,0.3,CLIC
2011-02-19,0,CLIC
2011-02-20,0,CLIC
2011-02-21,0,CLIC
2011-02-22,0,CLIC
2011-02-23,0,CLIC
2011-02-24,0,CLIC
2011-02-25,0,CLIC
2011-02-26,0,CLIC
2011-02-27,0,CLIC
2011-02-28,0,CLIC
2011-03-01,0,CLIC
2011-03-02,0,CLIC
2011-03-03,0,CLIC
2011-03-04,0,CLIC
2011-03-05,0,CLIC
2011-03-06,0,CLIC
2011-03-07,0,CLIC
2011-03-08,0,CLIC
2011-03-09,0,CLIC
2011-03-10,0,CLIC
2011-03-11,0,CLIC
2011-03-12,0,CLIC
2011-03-13,0,CLIC
2011-03-14,9.4,CLIC
2011-03-15,0,CLIC
2011-03-16,0,CLIC
2011-03-17,0,CLIC
2011-03-18,0,CLIC
2011-03-19,0,CLIC
2011-03-20,0,CLIC
2011-03-21,0,CLIC
2011-03-22,0,CLIC
2011-03-23,0,CLIC
2011-03-24,0,CLIC
2011-03-25,0,CLIC
2011-03-26,0,CLIC
2011-03-27,0,CLIC
2011-03-28,0,CLIC
2011-03-29,0.8,CLIC
2011-03-30,0.3,CLIC
2011-03-31,0,CLIC
2011-04-01,0,CLIC
2011-04-02,0,CLIC
2011-04-03,0,CLIC
2011-04-04,0,CLIC
2011-04-05,0,CLIC
2011-04-06,0,CLIC
2011-04-07,0,CLIC
2011-04-08,0,CLIC
2011-04-09,0,CLIC
2011-04-10,0,CLIC
2011-04-11,0,CLIC
2011-04-12,0,CLIC
2011-04-13,0,CLIC
2011-04-14,0,CLIC
2011-04-15,0,CLIC
2011-04-16,0,CLIC
2011-04-17,0,CLIC
2011-04-18,0,CLIC
2011-04-19,0,CLIC
2011-04-20,0,CLIC
2011-04-21,0,CLIC
2011-04-22,0,CLIC
2011-04-23,0,CLIC
2011-04-24,0,CLIC
2011-04-25,0,CLIC
2012-05-01,0,CLIC
2012-05-02,0,CLIC
2012-05-03,0,CLIC
2012-05-04,0,CLIC
2012-05-05,0,CLIC
2012-05-06,0,CLIC
2012-05-07,0,CLIC
2012-05-08,0,CLIC
2012-05-09,0,CLIC
2012-05-10,0,CLIC
2012-05-11,0,CLIC
2012-05-12,0,CLIC
2012-05-13,0,CLIC
2012-05-14,0,CLIC
2012-05-15,0,CLIC
2012-05-16,0,CLIC
2012-05-17,0,CLIC
2012-05-18,0,CLIC
2012-05-19,0,CLIC
2012-05-20,0,CLIC
2012-05-21,0,CLIC
2012-05-22,0,CLIC
2012-05-23,0,CLIC
2012-05-24,0,CLIC
2012-05-25,0,CLIC
2012-05-26,0,CLIC
2012-05-27,0,CLIC
2012-05-28,0,CLIC
2012-05-29,0,CLIC
2012-05-30,0,CLIC
2012-05-31,0,CLIC
2012-06-01,0,CLIC
2012-06-02,0,CLIC
2012-06-03,7.2,CLIC
2012-06-04,1.9,CLIC
2012-06-05,0,CLIC
2012-06-06,0,CLIC
2012-06-07,0,CLIC
2012-06-08,0,CLIC
2012-06-09,0,CLIC
2012-06-10,0,CLIC
2012-06-11,0,CLIC
2012-06-12,0,CLIC
2012-06-13,0,CLIC
2012-06-14,0,CLIC
2012-06-15,0,CLIC
2012-06-16,0,CLIC
2012-06-17,0,CLIC
2012-06-18,0,CLIC
2012-06-19,0,CLIC
2012-06-20,0,CLIC
2012-06-21,20,CLIC
2012-06-22,0,CLIC
2012-06-23,0,CLIC
2012-06-24,0,CLIC
2012-06-25,0,CLIC
2012-06-26,0,CLIC
2012-06-27,0,CLIC
2012-06-28,0,CLIC
2012-06-29,0,CLIC
2012-06-30,30.2,CLIC
2012-07-01,0,CLIC
2012-07-02,0,CLIC
2012-07-03,0,CLIC
2012-07-04,0,CLIC
2012-07-05,0,CLIC
2012-07-06,0,CLIC
2012-07-07,0,CLIC
2012-07-08,0,CLIC
2012-07-09,0,CLIC
2012-07-10,0,CLIC
2012-07-11,14.3,CLIC
2012-07-12,1.1,CLIC
2012-07-13,34.5,CLIC
2012-07-14,9.9,CLIC
2012-07-15,0,CLIC
2012-07-16,0,CLIC
2012-07-17,0.5,CLIC
2012-07-18,0,CLIC
2012-07-19,0,CLIC
2012-07-20,0,CLIC
2012-07-21,0,CLIC
2012-07-22,0,CLIC
2012-07-23,0,CLIC
2012-07-24,0,CLIC
2012-07-25,0,CLIC
2012-07-26,0,CLIC
2012-07-27,1.5,CLIC
2012-07-28,0,CLIC
2012-07-29,0,CLIC
2012-07-30,0,CLIC
2012-07-31,0,CLIC
2012-08-01,0,CLIC
2012-08-02,0,CLIC
2012-08-03,0,CLIC
2012-08-04,0,CLIC
2012-08-05,3,CLIC
2012-08-06,0,CLIC
2012-08-07,0,CLIC
2012-08-08,0,CLIC
2012-08-09,0,CLIC
2012-08-10,0,CLIC
2012-08-11,0,CLIC
2012-08-12,0,CLIC
2012-08-13,0,CLIC
2012-08-14,0,CLIC
2012-08-15,0,CLIC
2012-08-16,0,CLIC
2012-08-17,0,CLIC
2012-08-18,0,CLIC
2012-08-19,102,CLIC
2012-08-20,0,CLIC
2012-08-21,0,CLIC
2012-08-22,3.5,CLIC
2012-08-23,2.5,CLIC
2012-08-24,0,CLIC
2012-08-25,0,CLIC
2012-08-26,0,CLIC
2012-08-27,0,CLIC
2012-08-28,0,CLIC
2012-08-29,0,CLIC
2012-08-30,0,CLIC
2012-08-31,0,CLIC
2012-09-01,0,CLIC
2012-09-02,0,CLIC
2012-09-03,0,CLIC
2012-09-04,0,CLIC
2012-09-05,0,CLIC
2012-09-06,0,CLIC
2012-09-07,0,CLIC
2012-09-08,6.5,CLIC
2012-09-09,0,CLIC
2012-09-10,0,CLIC
2012-09-11,0,CLIC
2012-09-12,0,CLIC
2012-09-13,43,CLIC
2012-09-14,41.5,CLIC
2012-09-15,0.5,CLIC
2012-09-16,0,CLIC
2012-09-17,0,CLIC
2012-09-18,7.2,CLIC
2012-09-19,0,CLIC
2012-09-20,0,CLIC
2012-09-21,0,CLIC
2012-09-22,0,CLIC
2012-09-23,7.8,CLIC
2012-09-24,0,CLIC
2012-09-25,0,CLIC
2012-09-26,0,CLIC
2012-09-27,0,CLIC
2012-09-28,0.8,CLIC
2012-09-29,18.4,CLIC
2012-09-30,0,CLIC
2012-10-01,22.2,CLIC
2012-10-02,0,CLIC
2012-10-03,0,CLIC
2012-10-04,0,CLIC
2012-10-05,0,CLIC
2012-10-06,0,CLIC
2012-10-07,7.2,CLIC
2012-10-08,0,CLIC
2012-10-09,0,CLIC
2012-10-10,0,CLIC
2012-10-11,0,CLIC
2012-10-12,0,CLIC
2012-10-13,0,CLIC
2012-10-14,9.3,CLIC
2012-10-15,0,CLIC
2012-10-16,0,CLIC
2012-10-17,0,CLIC
2012-10-18,1.6,CLIC
2012-10-19,0,CLIC
2012-10-20,0,CLIC
2012-10-21,0,CLIC
2012-10-22,0,CLIC
2012-10-23,0,CLIC
2012-10-24,0,CLIC
2012-10-25,0,CLIC
2012-10-26,0,CLIC
2012-10-27,0,CLIC
2012-10-28,0,CLIC
2012-10-29,0,CLIC
2012-10-30,0,CLIC
2012-10-31,0,CLIC
2012-11-01,0,CLIC
2012-11-02,0,CLIC
2012-11-03,0,CLIC
2012-11-04,0,CLIC
2012-11-05,0,CLIC
2012-11-06,0,CLIC
2012-11-07,0,CLIC
2012-11-08,0,CLIC
2012-11-09,0,CLIC
2012-11-10,0,CLIC
2012-11-11,0,CLIC
2012-11-12,0,CLIC
2012-11-13,4.7,CLIC
2012-11-14,6.6,CLIC
2012-11-15,3.2,CLIC
2012-11-16,11.3,CLIC
2012-11-17,1.5,CLIC
2012-11-18,3.4,CLIC
2012-11-19,1.8,CLIC
2012-11-20,5.7,CLIC
2012-11-21,1.1,CLIC
2012-11-22,0,CLIC
2012-11-23,35.5,CLIC
2012-11-24,0,CLIC
2012-11-25,0,CLIC
2012-11-26,1.1,CLIC
2012-11-27,0,CLIC
2012-11-28,0,CLIC
2012-11-29,0,CLIC
2012-11-30,0,CLIC
2012-12-01,0,CLIC
2012-12-02,0,CLIC
2012-12-03,0,CLIC
2012-12-04,0.01,CLIC
2012-12-05,0,CLIC
2012-12-06,0,CLIC
2012-12-07,0,CLIC
2012-12-08,0,CLIC
2012-12-09,0,CLIC
2012-12-10,0,CLIC
2012-12-11,0,CLIC
2012-12-12,0,CLIC
2012-12-13,0.01,CLIC
2012-12-14,0,CLIC
2012-12-15,0,CLIC
2012-12-16,0,CLIC
2012-12-17,0,CLIC
2012-12-18,0,CLIC
2012-12-19,0,CLIC
2012-12-20,0,CLIC
2012-12-21,0,CLIC
2012-12-22,0,CLIC
2012-12-23,0,CLIC
2012-12-24,0,CLIC
2012-12-25,0,CLIC
2012-12-26,0,CLIC
2012-12-27,0,CLIC
2012-12-28,0,CLIC
2012-12-29,0,CLIC
2012-12-30,0,CLIC
2012-12-31,0,CLIC
2013-01-01,0,CLIC
2013-01-02,14.5,CLIC
2013-01-03,8.1,CLIC
2013-01-04,3.4,CLIC
2013-01-05,0.01,CLIC
2013-01-06,0,CLIC
2013-01-07,0,CLIC
2013-01-08,3,CLIC
2013-01-09,0,CLIC
2013-01-10,0,CLIC
2013-01-11,0,CLIC
2013-01-12,0,CLIC
2013-01-13,0,CLIC
2013-01-14,0,CLIC
2013-01-15,0,CLIC
2013-01-16,0,CLIC
2013-01-17,0,CLIC
2013-01-18,0,CLIC
2013-01-19,0,CLIC
2013-01-20,0,CLIC
2013-01-21,0,CLIC
2013-01-22,0,CLIC
2013-01-23,0,CLIC
2013-01-24,0,CLIC
2013-01-25,0,CLIC
2013-01-26,0,CLIC
2013-01-27,0,CLIC
2013-01-28,0,CLIC
2013-01-29,0,CLIC
2013-01-30,0,CLIC
2013-01-31,0,CLIC
2013-02-01,0,CLIC
2013-02-02,0,CLIC
2013-02-03,0,CLIC
2013-02-04,0,CLIC
2013-02-05,0,CLIC
2013-02-06,0,CLIC
2013-02-07,0,CLIC
2013-02-08,1.4,CLIC
2013-02-09,0,CLIC
2013-02-10,0,CLIC
2013-02-11,0,CLIC
2013-02-12,0,CLIC
2013-02-13,0,CLIC
2013-02-14,0,CLIC
2013-02-15,0,CLIC
2013-02-16,0,CLIC
2013-02-17,0,CLIC
2013-02-18,0,CLIC
2013-02-19,0,CLIC
2013-02-20,0,CLIC
2013-02-21,0,CLIC
2013-02-22,0,CLIC
2013-02-23,0,CLIC
2013-02-24,0,CLIC
2013-02-25,0,CLIC
2013-02-26,0,CLIC
2013-02-27,0,CLIC
2013-02-28,0,CLIC
2013-03-01,0,CLIC
2013-03-02,0,CLIC
2013-03-03,0,CLIC
2013-03-04,0,CLIC
2013-03-05,0,CLIC
2013-03-06,0,CLIC
2013-03-07,0,CLIC
2013-03-08,0,CLIC
2013-03-09,0,CLIC
2013-03-10,0,CLIC
2013-03-11,0,CLIC
2013-03-12,0,CLIC
2013-03-13,0,CLIC
2013-03-14,0,CLIC
2013-03-15,0,CLIC
2013-03-16,0,CLIC
2013-03-17,0,CLIC
2013-03-18,0,CLIC
2013-03-19,0,CLIC
2013-03-20,43,CLIC
2013-03-21,2,CLIC
2013-03-22,0,CLIC
2013-03-23,0,CLIC
2013-03-24,0,CLIC
2013-03-25,8,CLIC
2013-03-28,0,CLIC
2013-03-29,0,CLIC
2013-03-30,0,CLIC
2013-03-31,0,CLIC
2013-04-01,1,CLIC
2013-04-02,0.01,CLIC
2013-04-03,5,CLIC
2013-04-04,0,CLIC
2013-04-05,0,CLIC
2013-04-06,0,CLIC
2013-04-07,0,CLIC
2013-04-08,0,CLIC
2013-04-09,0,CLIC
2013-04-10,0,CLIC
2013-04-11,0,CLIC
2013-04-12,0,CLIC
2013-04-13,0,CLIC
2013-04-14,0,CLIC
2013-04-15,0,CLIC
2013-04-16,0,CLIC
2013-04-17,0,CLIC
2013-04-18,0,CLIC
2013-04-19,0,CLIC
2013-04-20,0,CLIC
2013-04-21,0,CLIC
2013-04-22,0,CLIC
2013-04-23,6.5,CLIC
2013-04-24,1,CLIC
2013-04-25,1.3,CLIC
2013-04-26,0,CLIC
2013-04-27,0,CLIC
2013-04-28,37.2,CLIC
2013-04-29,0.5,CLIC
2013-04-30,0,CLIC
2013-05-01,2,CLIC
2013-05-02,9,CLIC
2013-05-03,0,CLIC
2013-05-04,0,CLIC
2013-05-05,0,CLIC
2013-05-06,0,CLIC
2013-05-07,0,CLIC
2013-05-08,0,CLIC
2013-05-09,0,CLIC
2013-05-10,0,CLIC
2013-05-11,45,CLIC
2013-05-12,30,CLIC
2013-05-13,28.5,CLIC
2013-05-14,10,CLIC
2013-05-15,5,CLIC
2013-05-16,0,CLIC
2013-05-17,0,CLIC
2013-05-18,0,CLIC
2013-05-19,0,CLIC
2013-05-20,0,CLIC
2013-05-21,0,CLIC
2013-05-22,0,CLIC
2013-05-23,0,CLIC
2013-05-24,0.5,CLIC
2013-05-25,0.3,CLIC
2013-05-26,0,CLIC
2013-05-27,0,CLIC
2013-05-28,0,CLIC
2013-05-29,0,CLIC
2013-05-30,0,CLIC
2013-05-31,0,CLIC
2013-06-01,0,CLIC
2013-06-02,0,CLIC
2013-06-03,0,CLIC
2013-06-04,0,CLIC
2013-06-05,0,CLIC
2013-06-06,0,CLIC
2013-06-07,2,CLIC
2013-06-08,0,CLIC
2013-06-09,40,CLIC
2013-06-10,5,CLIC
2013-06-11,9,CLIC
2013-06-12,0,CLIC
2013-06-13,9,CLIC
2013-06-14,1,CLIC
2013-06-15,0,CLIC
2013-06-16,0,CLIC
2013-06-17,0,CLIC
2013-06-18,0,CLIC
2013-06-19,0,CLIC
2013-06-20,0,CLIC
2013-06-21,0,CLIC
2013-06-22,0,CLIC
2013-06-23,0,CLIC
2013-06-24,0,CLIC
2013-06-25,0,CLIC
2013-06-26,0,CLIC
2013-06-27,0,CLIC
2013-06-28,0,CLIC
2013-06-29,0,CLIC
2013-06-30,0,CLIC
2013-07-01,0,CLIC
2013-07-02,22,CLIC
2013-07-03,0,CLIC
2013-07-04,0,CLIC
2013-07-05,1.5,CLIC
2013-07-06,2.5,CLIC
2013-07-07,0,CLIC
2013-07-08,0,CLIC
2013-07-09,0,CLIC
2013-07-10,12,CLIC
2013-07-11,0,CLIC
2013-07-12,0,CLIC
2013-07-13,0,CLIC
2013-07-14,0,CLIC
2013-07-15,2,CLIC
2013-07-16,5.5,CLIC
2013-07-17,30,CLIC
2013-07-18,0,CLIC
2013-07-19,0,CLIC
2013-07-20,0,CLIC
2013-07-21,0,CLIC
2013-07-22,0,CLIC
2013-07-23,0,CLIC
2013-07-24,0,CLIC
2013-07-25,0,CLIC
2013-07-26,0,CLIC
2013-07-27,0.7,CLIC
2013-07-28,0,CLIC
2013-07-29,0,CLIC
2013-07-30,0,CLIC
2013-07-31,0,CLIC
2013-08-01,0,CLIC
2013-08-02,0,CLIC
2013-08-03,0,CLIC
2013-08-04,0,CLIC
2013-08-05,0,CLIC
2013-08-06,0,CLIC
2013-08-07,0,CLIC
2013-08-08,0,CLIC
2013-08-09,0,CLIC
2013-08-10,5.5,CLIC
2013-08-11,4,CLIC
2013-08-12,0,CLIC
2013-08-13,0,CLIC
2013-08-14,0,CLIC
2013-08-15,0,CLIC
2013-08-16,0,CLIC
2013-08-17,1,CLIC
2013-08-18,0,CLIC
2013-08-19,0,CLIC
2013-08-20,1,CLIC
2013-08-21,1.5,CLIC
2013-08-22,0,CLIC
2013-08-23,0,CLIC
2013-08-24,16.5,CLIC
2013-08-25,11.5,CLIC
2013-08-26,20,CLIC
2013-08-27,0,CLIC
2013-08-28,0,CLIC
2013-08-29,0,CLIC
2013-08-30,0,CLIC
2013-08-31,0,CLIC
2013-09-01,0,CLIC
2013-09-02,0,CLIC
2013-09-03,3,CLIC
2013-09-04,2.5,CLIC
2013-09-05,0,CLIC
2013-09-06,12,CLIC
2013-09-07,42,CLIC
2013-09-08,4,CLIC
2013-09-09,1,CLIC
2013-09-10,0,CLIC
2013-09-11,1,CLIC
2013-09-12,7,CLIC
2013-09-13,25.5,CLIC
2013-09-14,12.5,CLIC
2013-09-15,42,CLIC
2013-09-16,104,CLIC
2013-09-17,87,CLIC
2013-09-18,32,CLIC
2013-09-19,3.5,CLIC
2013-09-20,11.5,CLIC
2013-09-21,22.5,CLIC
2013-09-22,0,CLIC
2013-09-23,0,CLIC
2013-09-24,0,CLIC
2013-09-25,0,CLIC
2013-09-26,0,CLIC
2013-09-27,0,CLIC
2013-09-28,23,CLIC
2013-09-29,4,CLIC
2013-09-30,0,CLIC
2013-10-01,0,CLIC
2013-10-02,0,CLIC
2013-10-03,0,CLIC
2013-10-04,0,CLIC
2013-10-05,0,CLIC
2013-10-06,0,CLIC
2013-10-07,0,CLIC
2013-10-08,0,CLIC
2013-10-09,0,CLIC
2013-10-10,0,CLIC
2013-10-11,0,CLIC
2013-10-12,0,CLIC
2013-10-13,2.5,CLIC
2013-10-14,0,CLIC
2013-10-15,0,CLIC
2013-10-16,4,CLIC
2013-10-17,17.5,CLIC
2013-10-18,0,CLIC
2013-10-19,10,CLIC
2013-10-20,2.5,CLIC
2013-10-21,0,CLIC
2013-10-22,0,CLIC
2013-10-23,0,CLIC
2013-10-24,0,CLIC
2013-10-25,0,CLIC
2013-10-26,0,CLIC
2013-10-27,0,CLIC
2013-10-28,0,CLIC
2013-10-29,0.5,CLIC
2013-10-30,0,CLIC
2013-10-31,0,CLIC
2013-11-01,0,CLIC
2013-11-02,0,CLIC
2013-11-03,0,CLIC
2013-11-04,0,CLIC
2013-11-05,0,CLIC
2013-11-06,24,CLIC
2013-11-07,2,CLIC
2013-11-08,0,CLIC
2013-11-09,0,CLIC
2013-11-10,10,CLIC
2013-11-11,13,CLIC
2013-11-12,24,CLIC
2013-11-13,0,CLIC
2013-11-14,0,CLIC
2013-11-15,0,CLIC
2013-11-16,1.5,CLIC
2013-11-17,0,CLIC
2013-11-18,6,CLIC
2013-11-19,7.5,CLIC
2013-11-20,4.5,CLIC
2013-11-21,0,CLIC
2013-11-22,1,CLIC
2013-11-23,1,CLIC
2013-11-24,6,CLIC
2013-11-25,1,CLIC
2013-11-26,0,CLIC
2013-11-27,0,CLIC
2013-11-28,0,CLIC
2013-11-29,0,CLIC
2013-11-30,0,CLIC
2013-12-01,0,CLIC
2013-12-02,0,CLIC
2013-12-03,0,CLIC
2013-12-04,0,CLIC
2013-12-05,1,CLIC
2013-12-06,2,CLIC
2013-12-07,2.5,CLIC
2013-12-08,0,CLIC
2013-12-09,0,CLIC
2013-12-10,0,CLIC
2013-12-11,0,CLIC
2013-12-12,0.5,CLIC
2013-12-13,0,CLIC
2013-12-14,0,CLIC
2013-12-15,0,CLIC
2013-12-16,0,CLIC
2013-12-17,0,CLIC
2013-12-18,0,CLIC
2013-12-19,0,CLIC
2013-12-20,0,CLIC
2013-12-21,0,CLIC
2013-12-22,0,CLIC
2013-12-23,0,CLIC
2013-12-24,0,CLIC
2013-12-25,5,CLIC
2013-12-26,12,CLIC
2013-12-27,7.5,CLIC
2013-12-28,1,CLIC
2013-12-29,12,CLIC
2013-12-30,40,CLIC
2013-12-31,6,CLIC
2014-01-01,0,CLIC
2014-01-02,0,CLIC
2014-01-03,0,CLIC
2014-01-04,0,CLIC
2014-01-05,0,CLIC
2014-01-06,0.5,CLIC
2014-01-07,0,CLIC
2014-01-08,0,CLIC
2014-01-09,0,CLIC
2014-01-10,0,CLIC
2014-01-11,0,CLIC
2014-01-12,0,CLIC
2014-01-13,0,CLIC
2014-01-14,0,CLIC
2014-01-15,0,CLIC
2014-01-16,0,CLIC
2014-01-17,0,CLIC
2014-01-18,0,CLIC
2014-01-19,0,CLIC
2014-01-20,0,CLIC
2014-01-21,0,CLIC
2014-01-22,0,CLIC
2014-01-23,0,CLIC
2014-01-24,0,CLIC
2014-01-25,0,CLIC
2014-01-26,0,CLIC
2014-01-27,0,CLIC
2014-01-28,9,CLIC
2014-01-29,0,CLIC
2014-01-30,0,CLIC
2014-01-31,0,CLIC
2014-02-01,0,CLIC
2014-02-02,0,CLIC
2014-02-03,1,CLIC
2014-02-04,0,CLIC
2014-02-05,15,CLIC
2014-02-06,6,CLIC
2014-02-07,1,CLIC
2014-02-08,0,CLIC
2014-02-09,0,CLIC
2014-02-10,4,CLIC
2014-02-11,1.5,CLIC
2014-02-12,0,CLIC
2014-02-13,0,CLIC
2014-02-14,0,CLIC
2014-02-15,0,CLIC
2014-02-16,0,CLIC
2014-02-17,0,CLIC
2014-02-18,0,CLIC
2014-02-19,0,CLIC
2014-02-20,0,CLIC
2014-02-21,0,CLIC
2014-02-22,0,CLIC
2014-02-23,0,CLIC
2014-02-24,0,CLIC
2014-02-25,0,CLIC
2014-02-26,3.5,CLIC
2014-02-27,1,CLIC
2014-02-28,0,CLIC
2014-03-01,0,CLIC
2014-03-02,0,CLIC
2014-03-03,1.5,CLIC
2014-03-04,0,CLIC
2014-03-05,0,CLIC
2014-03-06,0,CLIC
2014-03-07,0,CLIC
2014-03-08,5,CLIC
2014-03-09,10,CLIC
2014-03-10,3,CLIC
2014-03-11,0,CLIC
2014-03-12,0,CLIC
2014-03-13,0,CLIC
2014-03-14,0,CLIC
2014-03-15,0,CLIC
2014-03-16,0,CLIC
2014-03-17,0,CLIC
2014-03-18,0,CLIC
2014-03-19,0,CLIC
2014-03-20,1,CLIC
2014-03-21,0,CLIC
2014-03-22,0,CLIC
2014-03-23,5,CLIC
2014-03-24,0,CLIC
2014-03-25,2.2,CLIC
2014-03-26,3.5,CLIC
2014-03-27,0,CLIC
2014-03-28,0,CLIC
2014-03-29,1,CLIC
2014-03-30,0,CLIC
2014-03-31,0,CLIC
2014-04-01,0,CLIC
2014-04-02,0,CLIC
2014-04-03,0,CLIC
2014-04-04,0,CLIC
2014-04-05,0,CLIC
2014-04-06,0,CLIC
2014-04-07,0,CLIC
2014-04-08,0,CLIC
2014-04-09,0,CLIC
2014-04-10,0,CLIC
2014-04-11,0,CLIC
2014-04-12,0,CLIC
2014-04-13,0,CLIC
2014-04-14,0,CLIC
2014-04-15,0,CLIC
2014-04-16,7,CLIC
2014-04-17,16,CLIC
2014-04-18,17,CLIC
2014-04-19,5,CLIC
2014-04-20,0,CLIC
2014-04-21,0,CLIC
2014-04-22,0,CLIC
2014-04-23,1,CLIC
2014-04-24,0,CLIC
2014-04-25,2,CLIC
2014-04-26,0,CLIC
2014-04-27,0,CLIC
2014-04-28,0,CLIC
2014-04-29,0,CLIC
2014-04-30,0,CLIC
2014-05-01,2.5,CLIC
2014-05-02,0,CLIC
2014-05-03,0,CLIC
2014-05-04,0,CLIC
2014-05-05,0,CLIC
2014-05-06,0,CLIC
2014-05-07,1,CLIC
2014-05-08,0,CLIC
2014-05-09,0,CLIC
2014-05-10,0,CLIC
2014-05-11,1,CLIC
2014-05-12,0,CLIC
2014-05-13,7,CLIC
2014-05-14,0,CLIC
2014-05-15,0,CLIC
2014-05-16,0,CLIC
2014-05-17,0,CLIC
2014-05-18,0,CLIC
2014-05-19,0,CLIC
2014-05-20,0,CLIC
2014-05-21,0,CLIC
2014-05-22,5,CLIC
2014-05-23,2.5,CLIC
2014-05-24,0,CLIC
2014-05-25,6,CLIC
2014-05-26,0,CLIC
2014-05-27,0,CLIC
2014-05-28,1,CLIC
2014-05-29,0,CLIC
2014-05-30,0,CLIC
2014-05-31,0,CLIC
2014-06-01,0,CLIC
2014-06-02,0,CLIC
2014-06-03,0,CLIC
2014-06-04,0,CLIC
2014-06-05,0,CLIC
2014-06-06,0,CLIC
2014-06-07,0,CLIC
2014-06-08,0,CLIC
2014-06-09,0,CLIC
2014-06-10,0,CLIC
2014-06-11,0,CLIC
2014-06-12,0,CLIC
2014-06-13,0,CLIC
2014-06-14,0,CLIC
2014-06-15,0,CLIC
2014-06-16,0,CLIC
2014-06-17,10,CLIC
2014-06-18,5,CLIC
2014-06-19,22,CLIC
2014-06-20,0.5,CLIC
2014-06-21,0,CLIC
2014-06-22,4,CLIC
2014-06-23,0,CLIC
2014-06-24,0,CLIC
2014-06-25,0,CLIC
2014-06-26,0,CLIC
2014-06-27,0,CLIC
2014-06-28,0,CLIC
2014-06-29,0,CLIC
2014-06-30,0,CLIC
2014-07-01,0,CLIC
2014-07-02,1,CLIC
2014-07-03,0,CLIC
2014-07-04,0,CLIC
2014-07-05,0,CLIC
2014-07-06,4,CLIC
2014-07-07,0,CLIC
2014-07-08,0,CLIC
2014-07-09,0,CLIC
2014-07-10,6,CLIC
2014-07-11,1,CLIC
2014-07-12,0,CLIC
2014-07-13,0,CLIC
2014-07-14,0,CLIC
2014-07-15,0,CLIC
2014-07-16,0,CLIC
2014-07-17,0,CLIC
2014-07-18,0,CLIC
2014-07-19,0,CLIC
2014-07-20,7,CLIC
2014-07-21,0,CLIC
2014-07-22,0,CLIC
2014-07-23,20,CLIC
2014-07-24,0,CLIC
2014-07-25,0,CLIC
2014-07-26,0,CLIC
2014-07-27,0,CLIC
2014-07-28,0,CLIC
2014-07-29,0,CLIC
2014-07-30,0,CLIC
2014-07-31,0,CLIC
2014-08-01,14,CLIC
2014-08-02,19,CLIC
2014-08-03,57,CLIC
2014-08-04,0,CLIC
2014-08-05,3,CLIC
2014-08-06,0,CLIC
2014-08-07,0,CLIC
2014-08-08,1,CLIC
2014-08-09,10,CLIC
2014-08-10,0,CLIC
2014-08-11,0,CLIC
2014-08-12,0,CLIC
2014-08-13,0,CLIC
2014-08-14,18,CLIC
2014-08-15,0,CLIC
2014-08-16,0,CLIC
2014-08-17,0,CLIC
2014-08-18,0,CLIC
2014-08-19,0,CLIC
2014-08-20,0,CLIC
2014-08-21,0,CLIC
2014-08-22,0,CLIC
2014-08-23,0,CLIC
2014-08-24,0,CLIC
2014-08-25,0,CLIC
2014-08-26,0,CLIC
2014-08-27,0,CLIC
2014-08-28,0,CLIC
2014-08-29,0,CLIC
2014-08-30,31,CLIC
2014-08-31,0,CLIC
2014-09-01,0,CLIC
2014-09-02,10,CLIC
2014-09-03,20,CLIC
2014-09-04,1,CLIC
2014-09-05,0.5,CLIC
2014-09-06,0,CLIC
2014-09-07,0,CLIC
2014-09-08,0,CLIC
2014-09-09,0,CLIC
2014-09-10,0,CLIC
2014-09-11,1,CLIC
2014-09-12,20,CLIC
2014-09-13,135,CLIC
2014-09-14,6,CLIC
2014-09-15,0,CLIC
2014-09-16,0,CLIC
2014-09-17,0,CLIC
2014-09-18,1,CLIC
2014-09-19,24,CLIC
2014-09-20,0.5,CLIC
2014-09-21,88,CLIC
2014-09-22,1.5,CLIC
2014-09-23,0,CLIC
2014-09-24,20,CLIC
2014-09-25,2,CLIC
2014-09-26,4,CLIC
2014-09-27,1,CLIC
2014-09-28,0,CLIC
2014-09-29,0,CLIC
2014-09-30,0,CLIC
2014-10-01,0,CLIC
2014-10-02,0,CLIC
2014-10-03,53,CLIC
2014-10-04,0,CLIC
2014-10-05,0,CLIC
2014-10-06,0,CLIC
2014-10-07,0,CLIC
2014-10-08,0,CLIC
2014-10-09,0,CLIC
2014-10-10,0,CLIC
2014-10-11,0,CLIC
2014-10-12,0,CLIC
2014-10-13,0,CLIC
2014-10-14,0,CLIC
2014-10-15,0,CLIC
2014-10-16,0,CLIC
2014-10-17,0,CLIC
2014-10-18,84,CLIC
2014-10-19,32,CLIC
2014-10-20,2,CLIC
2014-10-21,2,CLIC
2014-10-22,28,CLIC
2014-10-23,0,CLIC
2014-10-24,0,CLIC
2014-10-25,0,CLIC
2014-10-26,0,CLIC
2014-10-27,0,CLIC
2014-10-28,0,CLIC
2014-10-29,0,CLIC
2014-10-30,0,CLIC
2014-10-31,0,CLIC
2014-11-01,0,CLIC
2014-11-02,0,CLIC
2014-11-03,0,CLIC
2014-11-04,0,CLIC
2014-11-05,12,CLIC
2014-11-06,20,CLIC
2014-11-07,17,CLIC
2014-11-08,0,CLIC
2014-11-09,0,CLIC
2014-11-10,0,CLIC
2014-11-11,0,CLIC
2014-11-12,0,CLIC
2014-11-13,0,CLIC
2014-11-14,0,CLIC
2014-11-15,0,CLIC
2014-11-16,0,CLIC
2014-11-17,0,CLIC
2014-11-18,0,CLIC
2014-11-19,0,CLIC
2014-11-20,0,CLIC
2014-11-21,0,CLIC
2014-11-22,0,CLIC
2014-11-23,0,CLIC
2014-11-24,0,CLIC
2014-11-25,0,CLIC
2014-11-26,0,CLIC
2014-11-27,0,CLIC
2014-11-28,0,CLIC
2014-11-29,0,CLIC
2014-11-30,0,CLIC
2014-12-01,1,CLIC
2014-12-02,4,CLIC
2014-12-03,0.5,CLIC
2014-12-04,0,CLIC
2014-12-05,0,CLIC
2014-12-06,6,CLIC
2014-12-07,10,CLIC
2014-12-08,6,CLIC
2014-12-09,7,CLIC
2014-12-10,3,CLIC
2014-12-11,1,CLIC
2014-12-12,0,CLIC
2014-12-13,0.5,CLIC
2014-12-14,0,CLIC
2014-12-15,0.5,CLIC
2014-12-16,10,CLIC
2014-12-17,0.5,CLIC
2014-12-18,2,CLIC
2014-12-19,5,CLIC
2014-12-20,5,CLIC
2014-12-21,0,CLIC
2014-12-22,0,CLIC
2014-12-23,0,CLIC
2014-12-24,0,CLIC
2014-12-25,0,CLIC
2014-12-26,0,CLIC
2014-12-27,11,CLIC
2014-12-28,0,CLIC
2014-12-29,0,CLIC
2014-12-30,10,CLIC
2014-12-31,6,CLIC
2015-01-01,2,CLIC
2015-01-02,2,CLIC
2015-01-03,0,CLIC
2015-01-04,0,CLIC
2015-01-05,1,CLIC
2015-01-06,0,CLIC
2015-01-07,4,CLIC
2015-01-08,0.5,CLIC
2015-01-09,1.5,CLIC
2015-01-10,2,CLIC
2015-01-11,0,CLIC
2015-01-12,6,CLIC
2015-01-13,6,CLIC
2015-01-14,2,CLIC
2015-01-15,0,CLIC
2015-01-16,0,CLIC
2015-01-17,0,CLIC
2015-01-18,0,CLIC
2015-01-19,0,CLIC
2015-01-20,0,CLIC
2015-01-21,1,CLIC
2015-01-22,0,CLIC
2015-01-23,0,CLIC
2015-01-24,0,CLIC
2015-01-25,0,CLIC
2015-01-26,0,CLIC
2015-01-27,0,CLIC
2015-01-28,0,CLIC
2015-01-29,1,CLIC
2015-01-30,0,CLIC
2015-01-31,1.5,CLIC
2015-02-01,7,CLIC
2015-02-02,12,CLIC
2015-02-03,3,CLIC
2015-02-04,0,CLIC
2015-02-05,2,CLIC
2015-02-06,0,CLIC
2015-02-07,0,CLIC
2015-02-08,0,CLIC
2015-02-09,0,CLIC
2015-02-10,0,CLIC
2015-02-11,0.5,CLIC
2015-02-12,48,CLIC
2015-02-13,0.5,CLIC
2015-02-14,2,CLIC
2015-02-15,0,CLIC
2015-02-16,0,CLIC
2015-02-17,0,CLIC
2015-02-18,0,CLIC
2015-02-19,0,CLIC
2015-02-20,0,CLIC
2015-02-21,0,CLIC
2015-02-22,6,CLIC
2015-02-23,8,CLIC
2015-02-24,1.5,CLIC
2015-02-25,0,CLIC
2015-02-26,10,CLIC
2015-02-27,7,CLIC
2015-02-28,2,CLIC
2015-03-01,2,CLIC
2015-03-02,3,CLIC
2015-03-03,0,CLIC
2015-03-04,0,CLIC
2015-03-05,0,CLIC
2015-03-06,0,CLIC
2015-03-07,0,CLIC
2015-03-08,11,CLIC
2015-03-09,1,CLIC
2015-03-10,32,CLIC
2015-03-11,1,CLIC
2015-03-12,2,CLIC
2015-03-13,6,CLIC
2015-03-14,3,CLIC
2015-03-15,3,CLIC
2015-03-16,4,CLIC
2015-03-17,14,CLIC
2015-03-18,0,CLIC
2015-03-19,0.5,CLIC
2015-03-20,20,CLIC
2015-03-21,2,CLIC
2015-03-22,0,CLIC
2015-03-23,0,CLIC
2015-03-24,0,CLIC
2015-03-25,0,CLIC
2015-03-26,0,CLIC
2015-03-27,0,CLIC
2015-03-28,0,CLIC
2015-03-29,0,CLIC
2015-03-30,0,CLIC
2015-03-31,0,CLIC
2015-04-01,0,CLIC
2015-04-02,0,CLIC
2015-04-03,23,CLIC
2015-04-04,11,CLIC
2015-04-05,1,CLIC
2015-04-06,0,CLIC
2015-04-07,0.5,CLIC
2015-04-08,0.5,CLIC
2015-04-09,0,CLIC
2015-04-10,2,CLIC
2015-04-11,9,CLIC
2015-04-12,8,CLIC
2015-04-13,0,CLIC
2015-04-14,1,CLIC
2015-04-15,1,CLIC
2015-04-16,0,CLIC
2015-04-17,0,CLIC
2015-04-18,0,CLIC
2015-04-19,0,CLIC
2015-04-20,8,CLIC
2015-04-21,1,CLIC
2015-04-22,0,CLIC
2015-04-23,16,CLIC
2015-04-24,0,CLIC
2015-04-25,0,CLIC
2015-04-26,0,CLIC
2015-04-27,0,CLIC
2015-04-28,0,CLIC
2015-04-29,0,CLIC
2015-04-30,0,CLIC
2015-05-01,0,CLIC
2015-05-02,0,CLIC
2015-05-03,3,CLIC
2015-05-04,5,CLIC
2015-05-05,2,CLIC
2015-05-06,2,CLIC
2015-05-07,0,CLIC
2015-05-08,2,CLIC
2015-05-09,5,CLIC
2015-05-10,0,CLIC
2015-05-11,56,CLIC
2015-05-12,7,CLIC
2015-05-13,0,CLIC
2015-05-14,1,CLIC
2015-05-15,17,CLIC
2015-05-16,0,CLIC
2015-05-17,16,CLIC
2015-05-18,1,CLIC
2015-05-19,0,CLIC
2015-05-20,0.5,CLIC
2015-05-21,3,CLIC
2015-05-22,0,CLIC
2015-05-23,9,CLIC
2015-05-24,0,CLIC
2015-05-25,0,CLIC
2015-05-26,0,CLIC
2015-05-27,0,CLIC
2015-05-28,0,CLIC
2015-05-29,0,CLIC
2015-05-30,56,CLIC
2015-05-31,0,CLIC
2015-06-01,0,CLIC
2015-06-02,0,CLIC
2015-06-03,0,CLIC
2015-06-04,0,CLIC
2015-06-05,17,CLIC
2015-06-06,0,CLIC
2015-06-07,0,CLIC
2015-06-08,0,CLIC
2015-06-09,0,CLIC
2015-06-10,0,CLIC
2015-06-11,0,CLIC
2015-06-12,0,CLIC
2015-06-13,0,CLIC
2015-06-14,1,CLIC
2015-06-15,0,CLIC
2015-06-16,0,CLIC
2015-06-17,12,CLIC
2015-06-18,46,CLIC
2015-06-19,25,CLIC
2015-06-20,29,CLIC
2015-06-21,8,CLIC
2015-06-22,3,CLIC
2015-06-23,0,CLIC
2015-06-24,0,CLIC
2015-06-25,0,CLIC
2015-06-26,0,CLIC
2015-06-27,1,CLIC
2015-06-28,0,CLIC
2015-06-29,0,CLIC
2015-06-30,0,CLIC
2015-07-01,0.5,CLIC
2015-07-02,1.5,CLIC
2015-07-03,0,CLIC
2015-07-04,0,CLIC
2015-07-05,0,CLIC
2015-07-06,0,CLIC
2015-07-07,0,CLIC
2015-07-08,0,CLIC
2015-07-09,0,CLIC
2015-07-10,0,CLIC
2015-07-11,0,CLIC
2015-07-12,0,CLIC
2015-07-13,0,CLIC
2015-07-14,0,CLIC
2015-07-15,0,CLIC
2015-07-16,0,CLIC
2015-07-17,0,CLIC
2015-07-18,0,CLIC
2015-07-19,0,CLIC
2015-07-20,0,CLIC
2015-07-21,0,CLIC
2015-07-22,0,CLIC
2015-07-23,0,CLIC
2015-07-24,0,CLIC
2015-07-25,0,CLIC
2015-07-26,0,CLIC
2015-07-27,0,CLIC
2015-07-28,0,CLIC
2015-07-29,0,CLIC
2015-07-30,0,CLIC
2015-07-31,0,CLIC
2015-08-01,0,CLIC
2015-08-02,0,CLIC
2015-08-03,0,CLIC
2015-08-04,0,CLIC
2015-08-05,0,CLIC
2015-08-06,0,CLIC
2015-08-07,0,CLIC
2015-08-08,0,CLIC
2015-08-09,0,CLIC
2015-08-10,0,CLIC
2015-08-11,0,CLIC
2015-08-12,12,CLIC
2015-08-13,0,CLIC
2015-08-14,0,CLIC
2015-08-15,11,CLIC
2015-08-16,0,CLIC
2015-08-17,0,CLIC
2015-08-18,0,CLIC
2015-08-19,1.5,CLIC
2015-08-20,1,CLIC
2015-08-21,0,CLIC
2015-08-22,0,CLIC
2015-08-23,0,CLIC
2015-08-24,9,CLIC
2015-08-25,0,CLIC
2015-08-26,5,CLIC
2015-08-27,0,CLIC
2015-08-28,0,CLIC
2015-08-29,0,CLIC
2015-08-30,0,CLIC
2015-08-31,8,CLIC
2015-09-01,0,CLIC
2015-09-02,0,CLIC
2015-09-03,0,CLIC
2015-09-04,0,CLIC
2015-09-05,0,CLIC
2015-09-06,0,CLIC
2015-09-07,0,CLIC
2015-09-08,0,CLIC
2015-09-09,0,CLIC
2015-09-10,0,CLIC
2015-09-11,85,CLIC
2015-09-12,0,CLIC
2015-09-13,0,CLIC
2015-09-14,0,CLIC
2015-09-15,0,CLIC
2015-09-16,0,CLIC
2015-09-17,0,CLIC
2015-09-18,0,CLIC
2015-09-19,22,CLIC
2015-09-20,0,CLIC
2015-09-21,0,CLIC
2015-09-22,0,CLIC
2015-09-23,0,CLIC
2015-09-24,0,CLIC
2015-09-25,16,CLIC
2015-09-26,0,CLIC
2015-09-27,0,CLIC
2015-09-28,0,CLIC
2015-09-29,0,CLIC
2015-09-30,0,CLIC
2015-10-01,0,CLIC
2015-10-02,0,CLIC
2015-10-03,0,CLIC
2015-10-04,5,CLIC
2015-10-05,4,CLIC
2015-10-06,7,CLIC
2015-10-07,1,CLIC
2015-10-08,0,CLIC
2015-10-09,4,CLIC
2015-10-10,0,CLIC
2015-10-11,0,CLIC
2015-10-12,0,CLIC
2015-10-13,12,CLIC
2015-10-14,0,CLIC
2015-10-15,0,CLIC
2015-10-16,15,CLIC
2015-10-17,0,CLIC
2015-10-18,0,CLIC
2015-10-19,0,CLIC
2015-10-20,0,CLIC
2015-10-21,10,CLIC
2015-10-22,0,CLIC
2015-10-23,8,CLIC
2015-10-24,11,CLIC
2015-10-25,0,CLIC
2015-10-26,0,CLIC
2015-10-27,0,CLIC
2015-10-28,0,CLIC
2015-10-29,4,CLIC
2015-10-30,2,CLIC
2015-10-31,0,CLIC
2015-11-01,0,CLIC
2015-11-02,0,CLIC
2015-11-03,0,CLIC
2015-11-04,0,CLIC
2015-11-05,0,CLIC
2015-11-06,2,CLIC
2015-11-07,8,CLIC
2015-11-08,2,CLIC
2015-11-09,0,CLIC
2015-11-10,0,CLIC
2015-11-11,0,CLIC
2015-11-12,0,CLIC
2015-11-13,4,CLIC
2015-11-14,4,CLIC
2015-11-15,5,CLIC
2015-11-16,0,CLIC
2015-11-17,0,CLIC
2015-11-18,0,CLIC
2015-11-19,0,CLIC
2015-11-20,0,CLIC
2015-11-21,0,CLIC
2015-11-22,0,CLIC
2015-11-23,0,CLIC
2015-11-24,0,CLIC
2015-11-25,0,CLIC
2015-11-26,0,CLIC
2015-11-27,10,CLIC
2015-11-28,6,CLIC
2015-11-29,2,CLIC
2015-11-30,1,CLIC
2015-12-01,0,CLIC
2015-12-02,0,CLIC
2015-12-03,0,CLIC
2015-12-04,0,CLIC
2015-12-05,0,CLIC
2015-12-06,0,CLIC
2015-12-07,0,CLIC
2015-12-08,0,CLIC
2015-12-09,0,CLIC
2015-12-10,0,CLIC
2015-12-11,0,CLIC
2015-12-12,0,CLIC
2015-12-13,0,CLIC
2015-12-14,0,CLIC
2015-12-15,0,CLIC
2015-12-16,0,CLIC
2015-12-17,0,CLIC
2015-12-18,0,CLIC
2015-12-19,0,CLIC
2015-12-20,0,CLIC
2015-12-21,0,CLIC
2015-12-22,0,CLIC
2015-12-23,0,CLIC
2015-12-24,0,CLIC
2015-12-25,0,CLIC
2015-12-26,0,CLIC
2015-12-27,0,CLIC
2015-12-28,0,CLIC
2015-12-29,0,CLIC
2015-12-30,0,CLIC
2015-12-31,4,CLIC
2016-01-01,5,CLIC
2016-01-02,9,CLIC
2016-01-03,0,CLIC
2016-01-04,0,CLIC
2016-01-05,0,CLIC
2016-01-06,0,CLIC
2016-01-07,0,CLIC
2016-01-08,0,CLIC
2016-01-09,0,CLIC
2016-01-10,0,CLIC
2016-01-11,0,CLIC
2016-01-12,0,CLIC
2016-01-13,1,CLIC
2016-01-14,0,CLIC
2016-01-15,0,CLIC
2016-01-16,0,CLIC
2016-01-17,0,CLIC
2016-01-18,0,CLIC
2016-01-19,0,CLIC
2016-01-20,0,CLIC
2016-01-21,0,CLIC
2016-01-22,0,CLIC
2016-01-23,0,CLIC
2016-01-24,0,CLIC
2016-01-25,0,CLIC
2016-01-26,12,CLIC
2016-01-27,4,CLIC
2016-01-28,0,CLIC
2016-01-29,0,CLIC
2016-01-30,0,CLIC
2016-01-31,0,CLIC
2016-02-01,0,CLIC
2016-02-02,0,CLIC
2016-02-03,0,CLIC
2016-02-04,0,CLIC
2016-02-05,0,CLIC
2016-02-06,0,CLIC
2016-02-07,0,CLIC
2016-02-08,0,CLIC
2016-02-09,0,CLIC
2016-02-10,0,CLIC
2016-02-11,0,CLIC
2016-02-12,0,CLIC
2016-02-13,0,CLIC
2016-02-14,0,CLIC
2016-02-15,0,CLIC
2016-02-16,0,CLIC
2016-02-17,0,CLIC
2016-02-18,0,CLIC
2016-02-19,0,CLIC
2016-02-20,0,CLIC
2016-02-21,1.5,CLIC
2016-02-22,0,CLIC
2016-02-23,0,CLIC
2016-02-24,0,CLIC
2016-02-25,0,CLIC
2016-02-26,0,CLIC
2016-02-27,2,CLIC
2016-02-28,0,CLIC
2016-02-29,1.5,CLIC
2016-03-01,5,CLIC
2016-03-02,0,CLIC
2016-03-03,0,CLIC
2016-03-04,0,CLIC
2016-03-05,0,CLIC
2016-03-06,0,CLIC
2016-03-07,0,CLIC
2016-03-08,0,CLIC
2016-03-09,4,CLIC
2016-03-10,3,CLIC
2016-03-11,0,CLIC
2016-03-12,0,CLIC
2016-03-13,0,CLIC
2016-03-14,0,CLIC
2016-03-15,0,CLIC
2016-03-16,0,CLIC
2016-03-17,0,CLIC
2016-03-18,2,CLIC
2016-03-19,4,CLIC
2016-03-20,0,CLIC
2016-03-21,0,CLIC
2016-03-22,0,CLIC
2016-03-23,0,CLIC
2016-03-24,0,CLIC
2016-03-25,0,CLIC
2016-03-26,0,CLIC
2016-03-27,1,CLIC
2016-03-28,10,CLIC
2016-03-29,0,CLIC
2016-03-30,0,CLIC
2016-03-31,0,CLIC
2016-04-01,0,CLIC
2016-04-02,0,CLIC
2016-04-03,0,CLIC
2016-04-04,0,CLIC
2016-04-05,0,CLIC
2016-04-06,0,CLIC
2016-04-07,0.5,CLIC
2016-04-08,3,CLIC
2016-04-09,0,CLIC
2016-04-10,0,CLIC
2016-04-11,0,CLIC
2016-04-12,0,CLIC
2016-04-13,2,CLIC
2016-04-14,3,CLIC
2016-04-15,2,CLIC
2016-04-16,0,CLIC
2016-04-17,0,CLIC
2016-04-18,4,CLIC
2016-04-19,2,CLIC
2016-04-20,0,CLIC
2016-04-21,0,CLIC
2016-04-22,23,CLIC
2016-04-23,2,CLIC
2016-04-24,0,CLIC
2016-04-25,0,CLIC
2016-04-26,0,CLIC
2016-04-27,0,CLIC
2016-04-28,0,CLIC
2016-04-29,0,CLIC
2016-04-30,0,CLIC
2016-05-01,40,CLIC
2016-05-02,1,CLIC
2016-05-03,0,CLIC
2016-05-04,0,CLIC
2016-05-05,0,CLIC
2016-05-06,0,CLIC
2016-05-07,0.5,CLIC
2016-05-08,0,CLIC
2016-05-09,0,CLIC
2016-05-10,0,CLIC
2016-05-11,0,CLIC
2016-05-12,0,CLIC
2016-05-13,2,CLIC
2016-05-14,0,CLIC
2016-05-15,27,CLIC
2016-05-16,0,CLIC
2016-05-17,38,CLIC
2016-05-18,7,CLIC
2016-05-19,1,CLIC
2016-05-20,1.5,CLIC
2016-05-21,3,CLIC
2016-05-22,0,CLIC
2016-05-23,0,CLIC
2016-05-24,0,CLIC
2016-05-25,0,CLIC
2016-05-26,0,CLIC
2016-05-27,8,CLIC
2016-05-28,0.5,CLIC
2016-05-29,0,CLIC
2016-05-30,4,CLIC
2016-05-31,2,CLIC
2016-06-01,10,CLIC
2016-06-02,12,CLIC
2016-06-03,0,CLIC
2016-06-04,25,CLIC
2016-06-05,0,CLIC
2016-06-06,0,CLIC
2016-06-07,0,CLIC
2016-06-08,0,CLIC
2016-06-09,0,CLIC
2016-06-10,0,CLIC
2016-06-11,0,CLIC
2016-06-12,0,CLIC
2016-06-13,0,CLIC
2016-06-14,0,CLIC
2016-06-15,0,CLIC
2016-06-16,0,CLIC
2016-06-17,0,CLIC
2016-06-18,0,CLIC
2016-06-19,2,CLIC
2016-06-20,2,CLIC
2016-06-21,0,CLIC
2016-06-22,0,CLIC
2016-06-23,0,CLIC
2016-06-24,0,CLIC
2016-06-25,0,CLIC
2016-06-26,0,CLIC
2016-06-27,3,CLIC
2016-06-28,0,CLIC
2016-06-29,0,CLIC
2016-06-30,0,CLIC
2016-07-01,0,CLIC
2016-07-02,0,CLIC
2016-07-03,0,CLIC
2016-07-04,0,CLIC
2016-07-05,0,CLIC
2016-07-06,0,CLIC
2016-07-07,0,CLIC
2016-07-08,0,CLIC
2016-07-09,0,CLIC
2016-07-10,0,CLIC
2016-07-11,0,CLIC
2016-07-12,0,CLIC
2016-07-13,0,CLIC
2016-07-14,0,CLIC
2016-07-15,0,CLIC
2016-07-16,2,CLIC
2016-07-17,0,CLIC
2016-07-18,0,CLIC
2016-07-19,0,CLIC
2016-07-20,0,CLIC
2016-07-21,1,CLIC
2016-07-22,0,CLIC
2016-07-23,0,CLIC
2016-07-24,0,CLIC
2016-07-25,0,CLIC
2016-07-26,1,CLIC
2016-07-27,8,CLIC
2016-07-28,0,CLIC
2016-07-29,0,CLIC
2016-07-30,0,CLIC
2016-07-31,0,CLIC
2016-08-01,0,CLIC
2016-08-02,0,CLIC
2016-08-03,0,CLIC
2016-08-04,0,CLIC
2016-08-05,0,CLIC
2016-08-06,0,CLIC
2016-08-07,0,CLIC
2016-08-08,0,CLIC
2016-08-09,5,CLIC
2016-08-10,0,CLIC
2016-08-11,0,CLIC
2016-08-12,0,CLIC
2016-08-13,2,CLIC
2016-08-14,4,CLIC
2016-08-15,2.5,CLIC
2016-08-16,20,CLIC
2016-08-17,0,CLIC
2016-08-18,0,CLIC
2016-08-19,0,CLIC
2016-08-20,9,CLIC
2016-08-21,56,CLIC
2016-08-22,0,CLIC
2016-08-23,0,CLIC
2016-08-24,0,CLIC
2016-08-25,0,CLIC
2016-08-26,10,CLIC
2016-08-27,3,CLIC
2016-08-28,6,CLIC
2016-08-29,2,CLIC
2016-08-30,7,CLIC
2016-08-31,3,CLIC
2016-09-01,8,CLIC
2016-09-02,6,CLIC
2016-09-03,20,CLIC
2016-09-04,0,CLIC
2016-09-05,0,CLIC
2016-09-06,0,CLIC
2016-09-07,0,CLIC
2016-09-08,0,CLIC
2016-09-09,0,CLIC
2016-09-10,0,CLIC
2016-09-11,0,CLIC
2016-09-12,0,CLIC
2016-09-13,11,CLIC
2016-09-14,0,CLIC
2016-09-15,50,CLIC
2016-09-16,0,CLIC
2016-09-17,0,CLIC
2016-09-18,0,CLIC
2016-09-19,0,CLIC
2016-09-20,0,CLIC
2016-09-21,1,CLIC
2016-09-22,0,CLIC
2016-09-23,0,CLIC
2016-09-24,0,CLIC
2016-09-25,20,CLIC
2016-09-26,61,CLIC
2016-09-27,8,CLIC
2016-09-28,0,CLIC
2016-09-29,0,CLIC
2016-09-30,0,CLIC
2016-10-01,0.5,CLIC
2016-10-02,3,CLIC
2016-10-03,0,CLIC
2016-10-04,0,CLIC
2016-10-05,0,CLIC
2016-10-06,0,CLIC
2016-10-07,47,CLIC
2016-10-08,3,CLIC
2016-10-09,0,CLIC
2016-10-10,0,CLIC
2016-10-11,0,CLIC
2016-10-12,0,CLIC
2016-10-13,0,CLIC
2016-10-14,0,CLIC
2016-10-15,0,CLIC
2016-10-16,0,CLIC
2016-10-17,0,CLIC
2016-10-18,0,CLIC
2016-10-19,0,CLIC
2016-10-20,65,CLIC
2016-10-21,0,CLIC
2016-10-22,0,CLIC
2016-10-23,8,CLIC
2016-10-24,0,CLIC
2016-10-25,0,CLIC
2016-10-26,0,CLIC
2016-10-27,0,CLIC
2016-10-28,0,CLIC
2016-10-29,0,CLIC
2016-10-30,0,CLIC
2016-10-31,0,CLIC
2016-11-01,0,CLIC
2016-11-02,0.5,CLIC
2016-11-03,60,CLIC
2016-11-04,44,CLIC
2016-11-05,0,CLIC
2016-11-06,0,CLIC
2016-11-07,10,CLIC
2016-11-08,5,CLIC
2016-11-09,0,CLIC
2016-11-10,1,CLIC
2016-11-11,2,CLIC
2016-11-12,7,CLIC
2016-11-13,1,CLIC
2016-11-14,1,CLIC
2016-11-15,0,CLIC
2016-11-16,0,CLIC
2016-11-17,0,CLIC
2016-11-18,0,CLIC
2016-11-19,0,CLIC
2016-11-20,0,CLIC
2016-11-21,0,CLIC
2016-11-22,0,CLIC
2016-11-23,0,CLIC
2016-11-24,2,CLIC
2016-11-25,4,CLIC
2016-11-26,0,CLIC
2016-11-27,0,CLIC
2016-11-28,0,CLIC
2016-11-29,0,CLIC
2016-11-30,0,CLIC
2016-12-01,0,CLIC
2016-12-02,0,CLIC
2016-12-03,10,CLIC
2016-12-04,1,CLIC
2016-12-05,0,CLIC
2016-12-06,0,CLIC
2016-12-07,0,CLIC
2016-12-08,0,CLIC
2016-12-09,2,CLIC
2016-12-10,1,CLIC
2016-12-11,0,CLIC
2016-12-12,0,CLIC
2016-12-13,0,CLIC
2016-12-14,1,CLIC
2016-12-15,4,CLIC
2016-12-16,0,CLIC
2016-12-17,0,CLIC
2016-12-18,0,CLIC
2016-12-19,0,CLIC
2016-12-20,0,CLIC
2016-12-21,0,CLIC
2016-12-22,5,CLIC
2016-12-23,0,CLIC
2016-12-24,0,CLIC
2016-12-25,0,CLIC
2016-12-26,0,CLIC
2016-12-27,1,CLIC
2016-12-28,0,CLIC
2016-12-29,11,CLIC
2016-12-30,0,CLIC
2016-12-31,0,CLIC
2017-01-01,0,CLIC
2017-01-02,0,CLIC
2017-01-03,0,CLIC
2017-01-04,2,CLIC
2017-01-05,4,CLIC
2017-01-06,1,CLIC
2017-01-07,0,CLIC
2017-01-08,0,CLIC
2017-01-09,0,CLIC
2017-01-10,0,CLIC
2017-01-11,0,CLIC
2017-01-12,0,CLIC
2017-01-13,0,CLIC
2017-01-14,0,CLIC
2017-01-15,0,CLIC
2017-01-16,0,CLIC
2017-01-17,0,CLIC
2017-01-18,0,CLIC
2017-01-19,0,CLIC
2017-01-20,0,CLIC
2017-01-21,0,CLIC
2017-01-22,0,CLIC
2017-01-23,0,CLIC
2017-01-24,0,CLIC
2017-01-25,0,CLIC
2017-01-26,0,CLIC
2017-01-27,24,CLIC
2017-01-28,1,CLIC
2017-01-29,0,CLIC
2017-01-30,0,CLIC
2017-01-31,0,CLIC
2017-02-01,0,CLIC
2017-02-02,3,CLIC
2017-02-03,3,CLIC
2017-02-04,1,CLIC
2017-02-05,0,CLIC
2017-02-06,0,CLIC
2017-02-07,0,CLIC
2017-02-08,0,CLIC
2017-02-09,0,CLIC
2017-02-10,0,CLIC
2017-02-11,0,CLIC
2017-02-12,0,CLIC
2017-02-13,0,CLIC
2017-02-14,0,CLIC
2017-02-15,0,CLIC
2017-02-16,0,CLIC
2017-02-17,0,CLIC
2017-02-18,0,CLIC
2017-02-19,0,CLIC
2017-02-20,0,CLIC
2017-02-21,0,CLIC
2017-02-22,0,CLIC
2017-02-23,0,CLIC
2017-02-24,0,CLIC
2017-02-25,0,CLIC
2017-02-26,0,CLIC
2017-02-27,0,CLIC
2017-02-28,0,CLIC
2017-03-01,0,CLIC
2017-03-02,0,CLIC
2017-03-03,10,CLIC
2017-03-04,14,CLIC
2017-03-05,0,CLIC
2017-03-06,0,CLIC
2017-03-07,7,CLIC
2017-03-08,1,CLIC
2017-03-09,3,CLIC
2017-03-10,1,CLIC
2017-03-11,2,CLIC
2017-03-12,25,CLIC
2017-03-13,1,CLIC
2017-03-14,0,CLIC
2017-03-15,0,CLIC
2017-03-16,0,CLIC
2017-03-17,0,CLIC
2017-03-18,0,CLIC
2017-03-19,0,CLIC
2017-03-20,0,CLIC
2017-03-21,0,CLIC
2017-03-22,0,CLIC
2017-03-23,0,CLIC
2017-03-24,0,CLIC
2017-03-25,0,CLIC
2017-03-26,0,CLIC
2017-03-27,0,CLIC
2017-03-28,0,CLIC
2017-03-29,0,CLIC
2017-03-30,0,CLIC
2017-03-31,0,CLIC
2017-04-01,0,CLIC
2017-04-02,0,CLIC
2017-04-03,0,CLIC
2017-04-04,0,CLIC
2017-04-05,0,CLIC
2017-04-06,0,CLIC
2017-04-07,0,CLIC
2017-04-08,0,CLIC
2017-04-09,0,CLIC
2017-04-10,0,CLIC
2017-04-11,67,CLIC
2017-04-12,0,CLIC
2017-04-13,6,CLIC
2017-04-14,3,CLIC
2017-04-15,0,CLIC
2017-04-16,0,CLIC
2017-04-17,2,CLIC
2017-04-18,0,CLIC
2017-04-19,0,CLIC
2017-04-20,0,CLIC
2017-04-21,0,CLIC
2017-04-22,0,CLIC
2017-04-23,0,CLIC
2017-04-24,0,CLIC
2017-04-25,0,CLIC
2017-04-26,0,CLIC
2017-04-27,0,CLIC
2017-04-28,0,CLIC
2017-04-29,0,CLIC
2017-04-30,0,CLIC
2017-05-01,0,CLIC
2017-05-02,0,CLIC
2017-05-03,43,CLIC
2017-05-04,0,CLIC
2017-05-05,0,CLIC
2017-05-06,0,CLIC
2017-05-07,0,CLIC
2017-05-08,2,CLIC
2017-05-09,2,CLIC
2017-05-10,0,CLIC
2017-05-11,0,CLIC
2017-05-12,0,CLIC
2017-05-13,0,CLIC
2017-05-14,0,CLIC
2017-05-15,0,CLIC
2017-05-16,0,CLIC
2017-05-17,0,CLIC
2017-05-18,0,CLIC
2017-05-19,0,CLIC
2017-05-20,2,CLIC
2017-05-21,67,CLIC
2017-05-22,4,CLIC
2017-05-23,40,CLIC
2017-05-24,0,CLIC
2017-05-25,0,CLIC
2017-05-26,0,CLIC
2017-05-27,0,CLIC
2017-05-28,34,CLIC
2017-05-29,0,CLIC
2017-05-30,0,CLIC
2017-05-31,0.1,CLIC
2017-06-01,0,CLIC
2017-06-02,0,CLIC
2017-06-03,0,CLIC
2017-06-04,0,CLIC
2017-06-05,3,CLIC
2017-06-06,0,CLIC
2017-06-07,0,CLIC
2017-06-08,0,CLIC
2017-06-09,0,CLIC
2017-06-10,0,CLIC
2017-06-11,0,CLIC
2017-06-12,0,CLIC
2017-06-13,0,CLIC
2017-06-14,0,CLIC
2017-06-15,0,CLIC
2017-06-16,0,CLIC
2017-06-17,0,CLIC
2017-06-18,0,CLIC
2017-06-19,0,CLIC
2017-06-20,0,CLIC
2017-06-21,0,CLIC
2017-06-22,0,CLIC
2017-06-23,0,CLIC
2017-06-24,10,CLIC
2017-06-25,0,CLIC
2017-06-26,54,CLIC
2017-06-27,2,CLIC
2017-06-28,0,CLIC
2017-06-29,0,CLIC
2017-06-30,0,CLIC
2017-07-01,0,CLIC
2017-07-02,0,CLIC
2017-07-03,0,CLIC
2017-07-04,0,CLIC
2017-07-05,0,CLIC
2017-07-06,0,CLIC
2017-07-07,1,CLIC
2017-07-08,0,CLIC
2017-07-09,0,CLIC
2017-07-10,0,CLIC
2017-07-11,40,CLIC
2017-07-12,0,CLIC
2017-07-13,0,CLIC
2017-07-14,0,CLIC
2017-07-15,0,CLIC
2017-07-16,2,CLIC
2017-07-17,0,CLIC
2017-07-18,0,CLIC
2017-07-19,0,CLIC
2017-07-20,0,CLIC
2017-07-21,0,CLIC
2017-07-22,0,CLIC
2017-07-23,0,CLIC
2017-07-24,0,CLIC
2017-07-25,0,CLIC
2017-07-26,0,CLIC
2017-07-27,0,CLIC
2017-07-28,0,CLIC
2017-07-29,0,CLIC
2017-07-30,0,CLIC
2017-07-31,0,CLIC
2017-08-01,0,CLIC
2017-08-02,0,CLIC
2017-08-03,27,CLIC
2017-08-04,5,CLIC
2017-08-05,0,CLIC
2017-08-06,0,CLIC
2017-08-07,3,CLIC
2017-08-08,0,CLIC
2017-08-09,3,CLIC
2017-08-10,2,CLIC
2017-08-11,0,CLIC
2017-08-12,0,CLIC
2017-08-13,0,CLIC
2017-08-14,0,CLIC
2017-08-15,0,CLIC
2017-08-16,0,CLIC
2017-08-17,0,CLIC
2017-08-18,0,CLIC
2017-08-19,0,CLIC
2017-08-20,0,CLIC
2017-08-21,0,CLIC
2017-08-22,0,CLIC
2017-08-23,0,CLIC
2017-08-24,0,CLIC
2017-08-25,0,CLIC
2017-08-26,0,CLIC
2017-08-27,0,CLIC
2017-08-28,0,CLIC
2017-08-29,0,CLIC
2017-08-30,0,CLIC
2017-08-31,0,CLIC
2017-09-01,0,CLIC
2017-09-02,0,CLIC
2017-09-03,0,CLIC
2017-09-04,5,CLIC
2017-09-05,24,CLIC
2017-09-06,9,CLIC
2017-09-07,0,CLIC
2017-09-08,0,CLIC
2017-09-09,0,CLIC
2017-09-10,0,CLIC
2017-09-11,0,CLIC
2017-09-12,0,CLIC
2017-09-13,0,CLIC
2017-09-14,0,CLIC
2017-09-15,0,CLIC
2017-09-16,0,CLIC
2017-09-17,0,CLIC
2017-09-18,0,CLIC
2017-09-19,7,CLIC
2017-09-20,0,CLIC
2017-09-21,1,CLIC
2017-09-22,32,CLIC
2017-09-23,4,CLIC
2017-09-24,0,CLIC
2017-09-25,3,CLIC
2017-09-26,56,CLIC
2017-09-27,320,CLIC
2017-09-28,69,CLIC
2017-09-29,5,CLIC
2017-09-30,3,CLIC
2017-10-01,0,CLIC
2017-10-02,0,CLIC
2017-10-03,24,CLIC
2017-10-04,7,CLIC
2017-10-05,30,CLIC
2017-10-06,0,CLIC
2017-10-07,0,CLIC
2017-10-08,0,CLIC
2017-10-09,0,CLIC
2017-10-10,18,CLIC
2017-10-11,0,CLIC
2017-10-12,0,CLIC
2017-10-13,0,CLIC
2017-10-14,13,CLIC
2017-10-15,0,CLIC
2017-10-16,0,CLIC
2017-10-17,0,CLIC
2017-10-18,0,CLIC
2017-10-19,0,CLIC
2017-10-20,0,CLIC
2017-10-21,0,CLIC
2017-10-22,0,CLIC
2017-10-23,1,CLIC
2017-10-24,1,CLIC
2017-10-25,0,CLIC
2017-10-26,0,CLIC
2017-10-27,0,CLIC
2017-10-28,0,CLIC
2017-10-29,0,CLIC
2017-10-30,0,CLIC
2017-10-31,0,CLIC
2017-11-01,0,CLIC
2017-11-02,0,CLIC
2017-11-03,0,CLIC
2017-11-04,0,CLIC
2017-11-05,0,CLIC
2017-11-06,0,CLIC
2017-11-07,0,CLIC
2017-11-08,1,CLIC
2017-11-09,1,CLIC
2017-11-10,4,CLIC
2017-11-11,0,CLIC
2017-11-12,0,CLIC
2017-11-13,0,CLIC
2017-11-14,0,CLIC
2017-11-15,0,CLIC
2017-11-16,0,CLIC
2017-11-17,0,CLIC
2017-11-18,0,CLIC
2017-11-19,0,CLIC
2017-11-20,0,CLIC
2017-11-21,0,CLIC
2017-11-22,0,CLIC
2017-11-23,0,CLIC
2017-11-24,0,CLIC
2017-11-25,0,CLIC
2017-11-26,0,CLIC
2017-11-27,0,CLIC
2017-11-28,0,CLIC
2017-11-29,0,CLIC
2017-11-30,0,CLIC
2017-12-01,0,CLIC
2017-12-02,0,CLIC
2017-12-03,0,CLIC
2017-12-04,0,CLIC
2017-12-05,0,CLIC
2017-12-06,0,CLIC
2017-12-07,7,CLIC
2017-12-08,1,CLIC
2017-12-09,0,CLIC
2017-12-10,0,CLIC
2017-12-11,0,CLIC
2017-12-12,0,CLIC
2017-12-13,0,CLIC
2017-12-14,17,CLIC
2017-12-15,5,CLIC
2017-12-16,1,CLIC
2017-12-17,0,CLIC
2017-12-18,0,CLIC
2017-12-19,0,CLIC
2017-12-20,0,CLIC
2017-12-21,0,CLIC
2017-12-22,0,CLIC
2017-12-23,0,CLIC
2017-12-24,0,CLIC
2017-12-25,0,CLIC
2017-12-26,1,CLIC
2017-12-27,4,CLIC
2017-12-28,2,CLIC
2017-12-29,0,CLIC
2017-12-30,1,CLIC
2017-12-31,20,CLIC
2018-01-01,2,CLIC
2018-01-02,2,CLIC
2018-01-03,0,CLIC
2018-01-04,0,CLIC
2018-01-05,0,CLIC
2018-01-06,0,CLIC
2018-01-07,0,CLIC
2018-01-08,0,CLIC
2018-01-09,0,CLIC
2018-01-10,0,CLIC
2018-01-11,0,CLIC
2018-01-12,0,CLIC
2018-01-13,0,CLIC
2018-01-14,0,CLIC
2018-01-15,0,CLIC
2018-01-16,0,CLIC
2018-01-17,0,CLIC
2018-01-18,2,CLIC
2018-01-19,0,CLIC
2018-01-20,0,CLIC
2018-01-21,0,CLIC
2018-01-22,0,CLIC
2018-01-23,0,CLIC
2018-01-24,0,CLIC
2018-01-25,3,CLIC
2018-01-26,0,CLIC
2018-01-27,1,CLIC
2018-01-28,6,CLIC
2018-01-29,0,CLIC
2018-01-30,0,CLIC
2018-01-31,0,CLIC
2018-02-01,0,CLIC
2018-02-02,0,CLIC
2018-02-03,0,CLIC
2018-02-04,0,CLIC
2018-02-05,0,CLIC
2018-02-06,0,CLIC
2018-02-07,8,CLIC
2018-02-08,1,CLIC
2018-02-09,0,CLIC
2018-02-10,0,CLIC
2018-02-11,2,CLIC
2018-02-12,1,CLIC
2018-02-13,1,CLIC
2018-02-14,0,CLIC
2018-02-15,0,CLIC
2018-02-16,0,CLIC
2018-02-17,0,CLIC
2018-02-18,0,CLIC
2018-02-19,0,CLIC
2018-02-20,0,CLIC
2018-02-21,1,CLIC
2018-02-22,6,CLIC
2018-02-23,9,CLIC
2018-02-24,0,CLIC
2018-02-25,6,CLIC
2018-02-26,4,CLIC
2018-02-27,0,CLIC
2018-02-28,0,CLIC
2018-03-01,0,CLIC
2018-03-02,0,CLIC
2018-03-03,0,CLIC
2018-03-04,0,CLIC
2018-03-05,0,CLIC
2018-03-06,0,CLIC
2018-03-07,0,CLIC
2018-03-08,0,CLIC
2018-03-09,0,CLIC
2018-03-10,0,CLIC
2018-03-11,0,CLIC
2018-03-12,0,CLIC
2018-03-13,5,CLIC
2018-03-14,1,CLIC
2018-03-15,0,CLIC
2018-03-16,0,CLIC
2018-03-17,0,CLIC
2018-03-18,0,CLIC
2018-03-19,0,CLIC
2018-03-20,0,CLIC
2018-03-21,0,CLIC
2018-03-22,0,CLIC
2018-03-23,0,CLIC
2018-03-24,0,CLIC
2018-03-25,0,CLIC
2018-03-26,0,CLIC
2018-03-27,0,CLIC
2018-03-28,0,CLIC
2018-03-29,0,CLIC
2018-03-30,0,CLIC
2018-03-31,0,CLIC
2018-04-01,0,CLIC
2018-04-02,0,CLIC
2018-04-03,0,CLIC
2018-04-04,6,CLIC
2018-04-05,0,CLIC
2018-04-06,0,CLIC
2018-04-07,0,CLIC
2018-04-08,0,CLIC
2018-04-09,0,CLIC
2018-04-10,7,CLIC
2018-04-11,0,CLIC
2018-04-12,0,CLIC
2018-04-13,0,CLIC
2018-04-14,0,CLIC
2018-04-15,0,CLIC
2018-04-16,0,CLIC
2018-04-17,0,CLIC
2018-04-18,6,CLIC
2018-04-19,64,CLIC
2018-04-20,0,CLIC
2018-04-21,0,CLIC
2018-04-22,7,CLIC
2018-04-23,2,CLIC
2018-04-24,0,CLIC
2018-04-25,1,CLIC
2018-04-26,1,CLIC
2018-04-27,33,CLIC
2018-04-28,1,CLIC
2018-04-29,2,CLIC
2018-04-30,4,CLIC
2018-05-01,0,CLIC
2018-05-02,0,CLIC
2018-05-03,0,CLIC
2018-05-04,13,CLIC
2018-05-05,3,CLIC
2018-05-06,0,CLIC
2018-05-07,0,CLIC
2018-05-08,0,CLIC
2018-05-09,0,CLIC
2018-05-10,0,CLIC
2018-05-11,0,CLIC
2018-05-12,0,CLIC
2018-05-13,1,CLIC
2018-05-14,0,CLIC
2018-05-15,0,CLIC
2018-05-16,0,CLIC
2018-05-17,0,CLIC
2018-05-18,0,CLIC
2018-05-19,0,CLIC
2018-05-20,30,CLIC
2018-05-21,15,CLIC
2018-05-22,44,CLIC
2018-05-23,5,CLIC
2018-05-24,0,CLIC
2018-05-25,0,CLIC
2018-05-26,0,CLIC
2018-05-27,0,CLIC
2018-05-28,0,CLIC
2018-05-29,0,CLIC
2018-05-30,0,CLIC
2018-05-31,0,CLIC
2018-06-01,0,CLIC
2018-06-02,0,CLIC
2018-06-03,0,CLIC
2018-06-04,0,CLIC
2018-06-05,0,CLIC
2018-06-06,0,CLIC
2018-06-07,0,CLIC
2018-06-08,0,CLIC
2018-06-09,0,CLIC
2018-06-10,0,CLIC
2018-06-11,0,CLIC
2018-06-12,0,CLIC
2018-06-13,0,CLIC
2018-06-14,0,CLIC
2018-06-15,7,CLIC
2018-06-16,0,CLIC
2018-06-17,20,CLIC
2018-06-18,6,CLIC
2018-06-19,20,CLIC
2018-06-20,10,CLIC
2018-06-21,14,CLIC
2018-06-22,0,CLIC
2018-06-23,0,CLIC
2018-06-24,0,CLIC
2018-06-25,23,CLIC
2018-06-26,0,CLIC
2018-06-27,0,CLIC
2018-06-28,0,CLIC
2018-06-29,0,CLIC
2018-06-30,0,CLIC
2018-07-01,0,CLIC
2018-07-02,0,CLIC
2018-07-03,0,CLIC
2018-07-04,1,CLIC
2018-07-05,5,CLIC
2018-07-06,0,CLIC
2018-07-07,0,CLIC
2018-07-08,10,CLIC
2018-07-09,0,CLIC
2018-07-10,0,CLIC
2018-07-11,0,CLIC
2018-07-12,0,CLIC
2018-07-13,0,CLIC
2018-07-14,0,CLIC
2018-07-15,0,CLIC
2018-07-16,0,CLIC
2018-07-17,0,CLIC
2018-07-18,0,CLIC
2018-07-19,0,CLIC
2018-07-20,0,CLIC
2018-07-21,0,CLIC
2018-07-22,0,CLIC
2018-07-23,0,CLIC
2018-07-24,0,CLIC
2018-07-25,0,CLIC
2018-07-26,0,CLIC
2018-07-27,0,CLIC
2018-07-28,0,CLIC
2018-07-29,0,CLIC
2018-07-30,0,CLIC
2018-07-31,0,CLIC
2018-08-01,0,CLIC
2018-08-02,0,CLIC
2018-08-03,0,CLIC
2018-08-04,0,CLIC
2018-08-05,0,CLIC
2018-08-06,0,CLIC
2018-08-07,0,CLIC
2018-08-08,0,CLIC
2018-08-09,0,CLIC
2018-08-10,0,CLIC
2018-08-11,0,CLIC
2018-08-12,14,CLIC
2018-08-13,3,CLIC
2018-08-14,0,CLIC
2018-08-15,0,CLIC
2018-08-16,0,CLIC
2018-08-17,0,CLIC
2018-08-18,0,CLIC
2018-08-19,0,CLIC
2018-08-20,0,CLIC
2018-08-21,0,CLIC
2018-08-22,0,CLIC
2018-08-23,0,CLIC
2018-08-24,0,CLIC
2018-08-25,0,CLIC
2018-08-26,0,CLIC
2018-08-27,0,CLIC
2018-08-28,0,CLIC
2018-08-29,0,CLIC
2018-08-30,0,CLIC
2018-08-31,2,CLIC
2018-09-01,0,CLIC
2018-09-02,24,CLIC
2018-09-03,13,CLIC
2018-09-04,7,CLIC
2018-09-05,0,CLIC
2018-09-06,22,CLIC
2018-09-07,0,CLIC
2018-09-08,22,CLIC
2018-09-09,30,CLIC
2018-09-10,9,CLIC
2018-09-11,0,CLIC
2018-09-12,4,CLIC
2018-09-13,4,CLIC
2018-09-14,0,CLIC
2018-09-15,2,CLIC
2018-09-16,2,CLIC
2018-09-17,0,CLIC
2018-09-18,0,CLIC
2018-09-19,0,CLIC
2018-09-20,0,CLIC
2018-09-21,1,CLIC
2018-09-22,25,CLIC
2018-09-23,0,CLIC
2018-09-24,0,CLIC
2018-09-25,0,CLIC
2018-09-26,20,CLIC
2018-09-27,20,CLIC
2018-09-28,28,CLIC
2018-09-29,110,CLIC
2018-09-30,13,CLIC
2018-10-01,0,CLIC
2018-10-02,0,CLIC
2018-10-03,0,CLIC
2018-10-04,0,CLIC
2018-10-05,0,CLIC
2018-10-06,0,CLIC
2018-10-07,3,CLIC
2018-10-08,0,CLIC
2018-10-09,0,CLIC
2018-10-10,7,CLIC
2018-10-11,1,CLIC
2018-10-12,0,CLIC
2018-10-13,0,CLIC
2018-10-14,0,CLIC
2018-10-15,2,CLIC
2018-10-16,0,CLIC
2018-10-17,4,CLIC
2018-10-18,1,CLIC
2018-10-19,1,CLIC
2018-10-20,16,CLIC
2018-10-21,3,CLIC
2018-10-22,2,CLIC
2018-10-23,3,CLIC
2018-10-24,1,CLIC
2018-10-25,1,CLIC
2018-10-26,0,CLIC
2018-10-27,0,CLIC
2018-10-28,0,CLIC
2018-10-29,0,CLIC
2018-10-30,0,CLIC
2018-10-31,0,CLIC
2018-11-01,0,CLIC
2018-11-02,0,CLIC
2018-11-03,0,CLIC
2018-11-04,0,CLIC
2018-11-05,0,CLIC
2018-11-06,0,CLIC
2018-11-07,0,CLIC
2018-11-08,0,CLIC
2018-11-09,12,CLIC
2018-11-10,5,CLIC
2018-11-11,1,CLIC
2018-11-12,0,CLIC
2018-11-13,0,CLIC
2018-11-14,0,CLIC
2018-11-15,0,CLIC
2018-11-16,0,CLIC
2018-11-17,0,CLIC
2018-11-18,3,CLIC
2018-11-19,0,CLIC
2018-11-20,0,CLIC
2018-11-21,3,CLIC
2018-11-22,0,CLIC
2018-11-23,0,CLIC
2018-11-24,0,CLIC
2018-11-25,0,CLIC
2018-11-26,0,CLIC
2018-11-27,0,CLIC
2018-11-28,0,CLIC
2018-11-29,0,CLIC
2018-11-30,0,CLIC
2018-12-01,0,CLIC
2018-12-02,0,CLIC
2018-12-03,0,CLIC
2018-12-04,6,CLIC
2018-12-05,12,CLIC
2018-12-06,1,CLIC
2018-12-07,13,CLIC
2018-12-08,1,CLIC
2018-12-09,0,CLIC
2018-12-10,0,CLIC
2018-12-11,0,CLIC
2018-12-12,0,CLIC
2018-12-13,0,CLIC
2018-12-14,0,CLIC
2018-12-15,0,CLIC
2018-12-16,0,CLIC
2018-12-17,0,CLIC
2018-12-18,0,CLIC
2018-12-19,0,CLIC
2018-12-20,0,CLIC
2018-12-21,0,CLIC
2018-12-22,0,CLIC
2018-12-23,0,CLIC
2018-12-24,0,CLIC
2018-12-25,0,CLIC
2018-12-26,0,CLIC
2018-12-27,0,CLIC
2018-12-28,4,CLIC
2018-12-29,6,CLIC
2018-12-30,1,CLIC
2018-12-31,0,CLIC
2019-01-01,0,CLIC
2019-01-02,2,CLIC
2019-01-03,0,CLIC
2019-01-04,0,CLIC
2019-01-05,0,CLIC
2019-01-06,0,CLIC
2019-01-07,0,CLIC
2019-01-08,2,CLIC
2019-01-09,20,CLIC
2019-01-10,1,CLIC
2019-01-11,0,CLIC
2019-01-12,0,CLIC
2019-01-13,2,CLIC
2019-01-14,6,CLIC
2019-01-15,1,CLIC
2019-01-16,0,CLIC
2019-01-17,0,CLIC
2019-01-18,0,CLIC
2019-01-19,0,CLIC
2019-01-20,0,CLIC
2019-01-21,0,CLIC
2019-01-22,0,CLIC
2019-01-23,0,CLIC
2019-01-24,0,CLIC
2019-01-25,0,CLIC
2019-01-26,21,CLIC
2019-01-27,0,CLIC
2019-01-28,0,CLIC
2019-01-29,0,CLIC
2019-01-30,0,CLIC
2019-01-31,0,CLIC
2019-02-01,0,CLIC
2019-02-02,0,CLIC
2019-02-03,0,CLIC
2019-02-04,0,CLIC
2019-02-05,0,CLIC
2019-02-06,0,CLIC
2019-02-07,0,CLIC
2019-02-08,0,CLIC
2019-02-09,0,CLIC
2019-02-10,0,CLIC
2019-02-11,0,CLIC
2019-02-12,0,CLIC
2019-02-13,0,CLIC
2019-02-14,0,CLIC
2019-02-15,0,CLIC
2019-02-16,0,CLIC
2019-02-17,0,CLIC
2019-02-18,0,CLIC
2019-02-19,0,CLIC
2019-02-20,0,CLIC
2019-02-21,0,CLIC
2019-02-22,0,CLIC
2019-02-23,0,CLIC
2019-02-24,0,CLIC
2019-02-25,0,CLIC
2019-02-26,0,CLIC
2019-02-27,0,CLIC
2019-02-28,0,CLIC
2019-03-01,0,CLIC
2019-03-02,0,CLIC
2019-03-03,16,CLIC
2019-03-04,7,CLIC
2019-03-05,2,CLIC
2019-03-06,0,CLIC
2019-03-07,0,CLIC
2019-03-08,0,CLIC
2019-03-09,0,CLIC
2019-03-10,2,CLIC
2019-03-11,0,CLIC
2019-03-12,0,CLIC
2019-03-13,0,CLIC
2019-03-14,0,CLIC
2019-03-15,10,CLIC
2019-03-16,0,CLIC
2019-03-17,6,CLIC
2019-03-18,0,CLIC
2019-03-19,8,CLIC
2019-03-20,11,CLIC
2019-03-21,12,CLIC
2019-03-22,1,CLIC
2019-03-23,0,CLIC
2019-03-24,0,CLIC
2019-03-25,21,CLIC
2019-03-26,31,CLIC
2019-03-27,2,CLIC
2019-03-28,1,CLIC
2019-03-29,0,CLIC
2019-03-30,27,CLIC
2019-03-31,1,CLIC
2019-04-01,0,CLIC
2019-04-02,0,CLIC
2019-04-03,0,CLIC
2019-04-04,0,CLIC
2019-04-05,0,CLIC
2019-04-06,0,CLIC
2019-04-07,0,CLIC
2019-04-08,0,CLIC
2019-04-09,0,CLIC
2019-04-10,0,CLIC
2019-04-11,0,CLIC
2019-04-12,0,CLIC
2019-04-13,0,CLIC
2019-04-14,0,CLIC
2019-04-15,0,CLIC
2019-04-16,0,CLIC
2019-04-17,0,CLIC
2019-04-18,0,CLIC
2019-04-19,0,CLIC
2019-04-20,0,CLIC
2019-04-21,0,CLIC
2019-04-22,0,CLIC
2019-04-23,0,CLIC
2019-04-24,0,CLIC
2019-04-25,0,CLIC
2019-04-26,0,CLIC
2019-04-27,0,CLIC
2019-04-28,0,CLIC
2019-04-29,0,CLIC
2019-04-30,0,CLIC
2019-05-01,0,CLIC
2019-05-02,0,CLIC
2019-05-03,5,CLIC
2019-05-04,8,CLIC
2019-05-05,4,CLIC
2019-05-06,5,CLIC
2019-05-07,0,CLIC
2019-05-08,0,CLIC
2019-05-09,5,CLIC
2019-05-10,3,CLIC
2019-05-11,2,CLIC
2019-05-12,6,CLIC
2019-05-13,31,CLIC
2019-05-14,8,CLIC
2019-05-15,5,CLIC
2019-05-16,0,CLIC
2019-05-17,0,CLIC
2019-05-18,0,CLIC
2019-05-19,0,CLIC
2019-05-20,0,CLIC
2019-05-21,0,CLIC
2019-05-22,0,CLIC
2019-05-23,0,CLIC
2019-05-24,0,CLIC
2019-05-25,0,CLIC
2019-05-26,0,CLIC
2019-05-27,0,CLIC
2019-05-28,0,CLIC
2019-05-29,0,CLIC
2019-05-30,1,CLIC
2019-05-31,0,CLIC
2019-06-01,0,CLIC
2019-06-02,0,CLIC
2019-06-03,3,CLIC
2019-06-04,0,CLIC
2019-06-05,13,CLIC
2019-06-06,0,CLIC
2019-06-07,0,CLIC
2019-06-08,0,CLIC
2019-06-09,1,CLIC
2019-06-10,49,CLIC
2019-06-11,12,CLIC
2019-06-12,0,CLIC
2019-06-13,0,CLIC
2019-06-14,0,CLIC
2019-06-15,0,CLIC
2019-06-16,0,CLIC
2019-06-17,0,CLIC
2019-06-18,0,CLIC
2019-06-19,0,CLIC
2019-06-20,0,CLIC
2019-06-21,0,CLIC
2019-06-22,0,CLIC
2019-06-23,0,CLIC
2019-06-24,10,CLIC
2019-06-25,0,CLIC
2019-06-26,0,CLIC
2019-06-27,2,CLIC
2019-06-28,0,CLIC
2019-06-29,0,CLIC
2019-06-30,0,CLIC
2019-07-01,0,CLIC
2019-07-02,0,CLIC
2019-07-03,0,CLIC
2019-07-04,0,CLIC
2019-07-05,0,CLIC
2019-07-06,0,CLIC
2019-07-07,0,CLIC
2019-07-08,0,CLIC
2019-07-09,0,CLIC
2019-07-10,0,CLIC
2019-07-11,24,CLIC
2019-07-12,3,CLIC
2019-07-13,0,CLIC
2019-07-14,33,CLIC
2019-07-15,0,CLIC
2019-07-16,0,CLIC
2019-07-17,0,CLIC
2019-07-18,0,CLIC
2019-07-19,0,CLIC
2019-07-20,0,CLIC
2019-07-21,0,CLIC
2019-07-22,0,CLIC
2019-07-23,17,CLIC
2019-07-24,4,CLIC
2019-07-25,0,CLIC
2019-07-26,0,CLIC
2019-07-27,0,CLIC
2019-07-28,0,CLIC
2019-07-29,0,CLIC
2019-07-30,0,CLIC
2019-07-31,0,CLIC
2019-08-01,0,CLIC
2019-08-02,0,CLIC
2019-08-03,0,CLIC
2019-08-04,0,CLIC
2019-08-05,0,CLIC
2019-08-06,0,CLIC
2019-08-07,0,CLIC
2019-08-08,0,CLIC
2019-08-09,0,CLIC
2019-08-10,0,CLIC
2019-08-11,0,CLIC
2019-08-12,0,CLIC
2019-08-13,0,CLIC
2019-08-14,0,CLIC
2019-08-15,0,CLIC
2019-08-16,0,CLIC
2019-08-17,0,CLIC
2019-08-18,0,CLIC
2019-08-19,0,CLIC
2019-08-20,0,CLIC
2019-08-21,0,CLIC
2019-08-22,0,CLIC
2019-08-23,0,CLIC
2019-08-24,70,CLIC
2019-08-25,8,CLIC
2019-08-26,0,CLIC
2019-08-27,4,CLIC
2019-08-28,1,CLIC
2019-08-29,0,CLIC
2019-08-30,0,CLIC
2019-08-31,0,CLIC
2019-09-01,20,CLIC
2019-09-02,0,CLIC
2019-09-03,24,CLIC
2019-09-04,246,CLIC
2019-09-05,0,CLIC
2019-09-06,0,CLIC
2019-09-07,0,CLIC
2019-09-08,0,CLIC
2019-09-09,0,CLIC
2019-09-10,0,CLIC
2019-09-11,1,CLIC
2019-09-12,0,CLIC
2019-09-13,0,CLIC
2019-09-14,0,CLIC
2019-09-15,0,CLIC
2019-09-16,0,CLIC
2019-09-17,0,CLIC
2019-09-18,0,CLIC
2019-09-19,0,CLIC
2019-09-20,0,CLIC
2019-09-21,0,CLIC
2019-09-22,0,CLIC
2019-09-23,0,CLIC
2019-09-24,0,CLIC
2019-09-25,0,CLIC
2019-09-26,0,CLIC
2019-09-27,0,CLIC
2019-09-28,0,CLIC
2019-09-29,0,CLIC
2019-09-30,0,CLIC
2019-10-01,0,CLIC
2019-10-02,0,CLIC
2019-10-03,0,CLIC
2019-10-04,0,CLIC
2019-10-05,0,CLIC
2019-10-06,0,CLIC
2019-10-07,0,CLIC
2019-10-08,0,CLIC
2019-10-09,0,CLIC
2019-10-10,0,CLIC
2019-10-11,0,CLIC
2019-10-12,0,CLIC
2019-10-13,0,CLIC
2019-10-14,0,CLIC
2019-10-15,0,CLIC
2019-10-16,0,CLIC
2019-10-17,0,CLIC
2019-10-18,0,CLIC
2019-10-19,0,CLIC
2019-10-20,2,CLIC
2019-10-21,0,CLIC
2019-10-22,0,CLIC
2019-10-23,0,CLIC
2019-10-24,2,CLIC
2019-10-25,0,CLIC
2019-10-26,0,CLIC
2019-10-27,0,CLIC
2019-10-28,0,CLIC
2019-10-29,0,CLIC
2019-10-30,0,CLIC
2019-10-31,0,CLIC
2019-11-01,0,CLIC
2019-11-02,0,CLIC
2019-11-03,0,CLIC
2019-11-04,0,CLIC
2019-11-05,0,CLIC
2019-11-06,0,CLIC
2019-11-07,7,CLIC
2019-11-08,2,CLIC
2019-11-09,2,CLIC
2019-11-10,0,CLIC
2019-11-11,6,CLIC
2019-11-12,2,CLIC
2019-11-13,1,CLIC
2019-11-14,0,CLIC
2019-11-15,0,CLIC
2019-11-16,0,CLIC
2019-11-17,0,CLIC
2019-11-18,0,CLIC
2019-11-19,0,CLIC
2019-11-20,0,CLIC
2019-11-21,0,CLIC
2019-11-22,0,CLIC
2019-11-23,2,CLIC
2019-11-24,0,CLIC
2019-11-25,0,CLIC
2019-11-26,0,CLIC
2019-11-27,0,CLIC
2019-11-28,0,CLIC
2019-11-29,0,CLIC
2019-11-30,0,CLIC
2019-12-01,9,CLIC
2019-12-02,13,CLIC
2019-12-03,11,CLIC
2019-12-04,11,CLIC
2019-12-05,15,CLIC
2019-12-06,12,CLIC
2019-12-07,8,CLIC
2019-12-08,6,CLIC
2019-12-09,6,CLIC
2019-12-10,8,CLIC
2019-12-11,10,CLIC
2019-12-12,12,CLIC
2019-12-13,0,CLIC
2019-12-14,-2,CLIC
2019-12-15,-2,CLIC
2019-12-16,-1,CLIC
2019-12-17,3,CLIC
2019-12-18,3,CLIC
2019-12-19,6,CLIC
2019-12-20,7,CLIC
2019-12-21,13,CLIC
2019-12-22,14,CLIC
2019-12-23,18,CLIC
2019-12-24,15,CLIC
2019-12-25,11,CLIC
2019-12-26,12,CLIC
2019-12-29,1456.46,CLIC
2019-12-30,48.5486,CLIC
2020-01-01,10,CLIC
2020-01-02,0,CLIC
2020-01-03,0,CLIC
2020-01-04,0,CLIC
2020-01-05,0,CLIC
2020-01-06,0,CLIC
2020-01-07,0,CLIC
2020-01-08,0,CLIC
2020-01-09,0,CLIC
2020-01-10,0,CLIC
2020-01-11,0,CLIC
2020-01-12,0,CLIC
2020-01-13,0,CLIC
2020-01-14,0,CLIC
2020-01-15,0,CLIC
2020-01-16,4,CLIC
2020-01-17,4,CLIC
2020-01-18,1,CLIC
2020-01-19,0,CLIC
2020-01-20,0,CLIC
2020-01-21,0,CLIC
2020-01-22,0,CLIC
2020-01-23,0,CLIC
2020-01-24,1.5,CLIC
2020-01-25,0,CLIC
2020-01-26,0,CLIC
2020-01-27,0,CLIC
2020-01-28,0,CLIC
2020-01-29,0,CLIC
2020-01-30,0,CLIC
2020-01-31,0,CLIC
2020-02-01,0,CLIC
2020-02-02,0,CLIC
2020-02-03,0,CLIC
2020-02-04,0,CLIC
2020-02-05,0,CLIC
2020-02-06,0,CLIC
2020-02-07,0,CLIC
2020-02-08,0,CLIC
2020-02-09,0,CLIC
2020-02-10,0,CLIC
2020-02-11,4,CLIC
2020-02-12,0,CLIC
2020-02-13,0,CLIC
2020-02-14,0,CLIC
2020-02-15,0,CLIC
2020-02-16,0,CLIC
2020-02-17,0,CLIC
2020-02-18,2,CLIC
2020-02-19,5,CLIC
2020-02-20,1,CLIC
2020-02-21,0,CLIC
2020-02-22,0,CLIC
2020-02-23,0,CLIC
2020-02-24,0,CLIC
2020-02-25,0,CLIC
2020-02-26,0,CLIC
2020-02-27,0,CLIC
2020-02-28,0,CLIC
2020-02-29,0,CLIC
2020-03-01,0,CLIC
2020-03-02,0,CLIC
2020-03-03,0,CLIC
2020-03-04,0,CLIC
2020-03-05,0,CLIC
2020-03-06,0,CLIC
2020-03-07,0,CLIC
2020-03-08,0,CLIC
2020-03-09,0,CLIC
2020-03-10,1,CLIC
2020-03-11,0,CLIC
2020-03-12,0,CLIC
2020-03-13,0,CLIC
2020-03-14,0,CLIC
2020-03-15,9,CLIC
2020-03-16,1,CLIC
2020-03-17,3,CLIC
2020-03-18,0,CLIC
2020-03-19,0,CLIC
2020-03-20,4,CLIC
2020-03-21,6,CLIC
2020-03-22,0,CLIC
2020-03-23,0,CLIC
2020-03-24,0,CLIC
2020-03-25,0,CLIC
2020-03-26,0,CLIC
2020-03-27,0,CLIC
2020-03-28,0,CLIC
2020-03-29,0,CLIC
2020-03-30,0,CLIC
2020-03-31,0,CLIC
2020-04-01,3,CLIC
2020-04-02,0,CLIC
2020-04-03,10,CLIC
2020-04-04,3,CLIC
2020-04-05,3,CLIC
2020-04-06,0,CLIC
2020-04-07,0,CLIC
2020-04-08,0,CLIC
2020-04-09,0,CLIC
2020-04-10,18,CLIC
2020-04-11,0,CLIC
2020-04-12,0,CLIC
2020-04-13,0,CLIC
2020-04-14,5,CLIC
2020-04-15,5,CLIC
2020-04-16,0,CLIC
2020-04-17,0,CLIC
2020-04-18,0,CLIC
2020-04-19,0,CLIC
2020-04-20,0,CLIC
2020-04-21,0,CLIC
2020-04-22,0,CLIC
2020-04-23,0,CLIC
2020-04-24,0,CLIC
2020-04-25,24,CLIC
2020-04-26,7,CLIC
2020-04-27,0,CLIC
2020-04-28,7,CLIC
2020-04-29,43,CLIC
2020-04-30,0,CLIC
2020-05-01,0,CLIC
2020-05-02,0,CLIC
2020-05-03,0,CLIC
2020-05-04,0,CLIC
2020-05-05,11,CLIC
2020-05-06,0,CLIC
2020-05-07,0,CLIC
2020-05-08,83,CLIC
2020-05-09,0,CLIC
2020-05-10,2,CLIC
2020-05-11,0,CLIC
2020-05-12,0,CLIC
2020-05-13,8,CLIC
2020-05-14,0,CLIC
2020-05-15,0,CLIC
2020-05-16,34,CLIC
2020-05-17,0,CLIC
2020-05-18,0,CLIC
2020-05-19,0,CLIC
2020-05-20,0,CLIC
2020-05-21,0,CLIC
2020-05-22,0,CLIC
2020-05-23,0,CLIC
2020-05-24,0,CLIC
2020-05-25,0,CLIC
2020-05-26,10,CLIC
2020-05-27,0,CLIC
2020-05-28,6,CLIC
2020-05-29,0,CLIC
2020-05-30,0,CLIC
2020-05-31,93,CLIC
2020-06-01,20,CLIC
2020-06-02,0,CLIC
2020-06-03,0,CLIC
2020-06-04,0,CLIC
2020-06-05,0,CLIC
2020-06-06,0,CLIC
2020-06-07,0,CLIC
2020-06-08,0,CLIC
2020-06-09,34,CLIC
2020-06-10,10,CLIC
2020-06-11,12,CLIC
2020-06-12,0,CLIC
2020-06-13,0,CLIC
2020-06-14,0,CLIC
2020-06-15,0,CLIC
2020-06-16,0,CLIC
2020-06-17,0,CLIC
2020-06-18,10,CLIC
2020-06-19,0,CLIC
2020-06-20,0,CLIC
2020-06-21,0,CLIC
2020-06-22,0,CLIC
2020-06-23,0,CLIC
2020-06-24,35,CLIC
2020-06-25,0,CLIC
2020-06-26,2,CLIC
2020-06-27,0,CLIC
2020-06-28,0,CLIC
2020-06-29,0,CLIC
2020-06-30,0,CLIC
2020-07-01,0,CLIC
2020-07-02,0,CLIC
2020-07-03,0,CLIC
2020-07-04,0,CLIC
2020-07-05,0,CLIC
2020-07-06,0,CLIC
2020-07-07,0,CLIC
2020-07-08,0,CLIC
2020-07-09,0,CLIC
2020-07-10,0,CLIC
2020-07-11,0,CLIC
2020-07-12,0,CLIC
2020-07-13,0,CLIC
2020-07-14,0,CLIC
2020-07-15,0,CLIC
2020-07-16,0,CLIC
2020-07-17,0,CLIC
2020-07-18,15,CLIC
2020-07-19,0,CLIC
2020-07-20,0,CLIC
2020-07-21,0,CLIC
2020-07-22,0,CLIC
2020-07-23,0,CLIC
2020-07-24,0,CLIC
2020-07-25,6,CLIC
2020-07-26,275,CLIC
2020-07-27,2,CLIC
2020-07-28,28,CLIC
2020-07-29,0,CLIC
2020-07-30,0,CLIC
2020-07-31,7,CLIC
2020-08-01,0,CLIC
2020-08-02,6,CLIC
2020-08-03,0,CLIC
2020-08-04,0,CLIC
2020-08-05,0,CLIC
2020-08-06,0,CLIC
2020-08-07,0,CLIC
2020-08-08,0,CLIC
2020-08-09,0,CLIC
2020-08-10,0,CLIC
2020-08-11,0,CLIC
2020-08-12,0,CLIC
2020-08-13,0,CLIC
2020-08-14,0,CLIC
2020-08-15,0,CLIC
2020-08-16,0,CLIC
2020-08-17,0,CLIC
2020-08-18,0,CLIC
2020-08-19,0,CLIC
2020-08-20,0,CLIC
2020-08-21,0,CLIC
2020-08-22,0,CLIC
2020-08-23,10,CLIC
2020-08-24,0,CLIC
2020-08-25,0,CLIC
2020-08-26,0,CLIC
2020-08-27,0,CLIC
2020-08-28,0,CLIC
2020-08-29,0,CLIC
2020-08-30,0,CLIC
2020-08-31,0,CLIC
2020-09-01,0,CLIC
2020-09-02,0,CLIC
2020-09-03,0,CLIC
2020-09-04,3,CLIC
2020-09-05,41,CLIC
2020-09-06,0,CLIC
2020-09-07,1,CLIC
2020-09-08,0,CLIC
2020-09-09,49,CLIC
2020-09-10,7,CLIC
2020-09-11,1,CLIC
2020-09-12,0,CLIC
2020-09-13,13,CLIC
2020-09-14,8,CLIC
2020-09-15,0,CLIC
2020-09-16,0,CLIC
2020-09-17,47,CLIC
2020-09-18,0,CLIC
2020-09-19,0,CLIC
2020-09-20,0,CLIC
2020-09-21,0,CLIC
2020-09-22,0,CLIC
2020-09-23,0,CLIC
2020-09-24,0,CLIC
2020-09-25,0,CLIC
2020-09-26,0,CLIC
2020-09-27,0,CLIC
2020-09-28,0,CLIC
2020-09-29,0,CLIC
2020-09-30,0,CLIC
2020-10-01,0,CLIC
2020-10-02,0,CLIC
2020-10-03,0,CLIC
2020-10-04,0,CLIC
2020-10-05,0,CLIC
2020-10-06,0,CLIC
2020-10-07,0,CLIC
2020-10-08,0,CLIC
2020-10-09,0,CLIC
2020-10-10,0,CLIC
2020-10-11,0,CLIC
2020-10-12,0,CLIC
2020-10-13,0,CLIC
2020-10-14,0,CLIC
2020-10-15,0,CLIC
2020-10-16,0,CLIC
2020-10-17,0,CLIC
2020-10-18,0,CLIC
2020-10-19,0,CLIC
2020-10-20,0,CLIC
2020-10-21,0,CLIC
2020-10-22,0,CLIC
2020-10-23,0,CLIC
2020-10-24,1,CLIC
2020-10-25,0,CLIC
2020-10-26,3,CLIC
2020-10-27,4,CLIC
2020-10-28,0,CLIC
2020-10-29,0,CLIC
2020-10-30,0,CLIC
2020-10-31,0,CLIC
2020-11-01,0,CLIC
2020-11-02,0,CLIC
2020-11-03,0,CLIC
2020-11-04,0,CLIC
2020-11-05,0,CLIC
2020-11-06,0,CLIC
2020-11-07,0,CLIC
2020-11-08,0,CLIC
2020-11-09,0,CLIC
2020-11-10,0,CLIC
2020-11-11,0,CLIC
2020-11-12,0,CLIC
2020-11-13,0,CLIC
2020-11-14,0,CLIC
2020-11-15,0,CLIC
2020-11-16,5,CLIC
2020-11-17,0,CLIC
2020-11-18,0,CLIC
2020-11-19,0,CLIC
2020-11-20,0,CLIC
2020-11-21,4,CLIC
2020-11-22,5,CLIC
2020-11-23,0,CLIC
2020-11-24,0,CLIC
2020-11-25,0,CLIC
2020-11-26,0,CLIC
2020-11-27,0,CLIC
2020-11-28,0,CLIC
2020-11-29,0,CLIC
2020-11-30,0,CLIC
2020-12-01,0,CLIC
2020-12-02,0,CLIC
2020-12-03,0,CLIC
2020-12-04,0,CLIC
2020-12-05,0,CLIC
2020-12-06,0,CLIC
2020-12-07,0,CLIC
2020-12-08,0,CLIC
2020-12-09,0,CLIC
2020-12-10,0,CLIC
2020-12-11,0,CLIC
2020-12-12,0,CLIC
2020-12-13,0,CLIC
2020-12-14,0,CLIC
2020-12-15,0,CLIC
2020-12-16,0,CLIC
2020-12-17,0,CLIC
2020-12-18,0,CLIC
2020-12-19,0,CLIC
2020-12-20,0,CLIC
2020-12-21,0,CLIC
2020-12-22,0,CLIC
2020-12-23,0,CLIC
2020-12-24,0,CLIC
2020-12-25,0,CLIC
2020-12-26,0,CLIC
2020-12-27,0,CLIC
2020-12-28,0,CLIC
2020-12-29,0,CLIC
2020-12-30,4,CLIC
2020-12-31,0,CLIC
2021-01-01,0,CLIC
2021-01-02,0,CLIC
2021-01-03,0,CLIC
2021-01-04,0,CLIC
2021-01-05,0,CLIC
2021-01-06,0,CLIC
2021-01-07,0,CLIC
2021-01-08,2,CLIC
2021-01-09,6,CLIC
2021-01-10,0,CLIC
2021-01-11,0,CLIC
2021-01-12,0,CLIC
2021-01-13,0,CLIC
2021-01-14,0,CLIC
2021-01-15,0,CLIC
2021-01-16,0,CLIC
2021-01-17,0,CLIC
2021-01-18,0,CLIC
2021-01-19,4,CLIC
2021-01-20,0,CLIC
2021-01-21,0,CLIC
2021-01-22,0,CLIC
2021-01-23,0,CLIC
2021-01-24,0,CLIC
2021-01-25,0,CLIC
2021-01-26,0,CLIC
2021-01-27,0,CLIC
2021-01-28,0,CLIC
2021-01-29,0,CLIC
2021-01-30,0,CLIC
2021-01-31,0,CLIC
2021-02-01,0,CLIC
2021-02-02,0,CLIC
2021-02-03,0,CLIC
2021-02-04,0,CLIC
2021-02-05,0,CLIC
2021-02-06,0,CLIC
2021-02-07,0,CLIC
2021-02-08,0,CLIC
2021-02-09,0,CLIC
2021-02-10,0,CLIC
2021-02-11,4,CLIC
2021-02-12,4,CLIC
2021-02-13,3,CLIC
2021-02-14,3,CLIC
2021-02-15,0,CLIC
2021-02-16,0,CLIC
2021-02-17,0,CLIC
2021-02-18,0,CLIC
2021-02-19,0,CLIC
2021-02-20,0,CLIC
2021-02-21,0,CLIC
2021-02-22,0,CLIC
2021-02-23,0,CLIC
2021-02-24,0,CLIC
2021-02-25,0,CLIC
2021-02-26,0,CLIC
2021-02-27,0,CLIC
2021-02-28,0,CLIC
2021-03-01,0,CLIC
2021-03-02,0,CLIC
2021-03-03,0,CLIC
2021-03-04,0,CLIC
2021-03-05,0,CLIC
2021-03-06,0,CLIC
2021-03-07,1,CLIC
2021-03-08,1,CLIC
2021-03-09,0,CLIC
2021-03-10,0,CLIC
2021-03-11,0,CLIC
2021-03-12,0,CLIC
2021-03-13,0,CLIC
2021-03-14,0,CLIC
2021-03-15,0,CLIC
2021-03-16,0,CLIC
2021-03-17,0,CLIC
2021-03-18,0,CLIC
2021-03-19,0,CLIC
2021-03-20,0,CLIC
2021-03-21,0,CLIC
2021-03-22,0,CLIC
2021-03-23,0,CLIC
2021-03-24,0,CLIC
2021-03-25,0,CLIC
2021-03-26,0,CLIC
2021-03-27,0,CLIC
2021-03-28,0,CLIC
2021-03-29,0,CLIC
2021-03-30,0,CLIC
2021-03-31,2,CLIC
2021-04-01,0,CLIC
2021-04-02,4,CLIC
2021-04-03,0,CLIC
2021-04-04,5,CLIC
2021-04-05,0,CLIC
2021-04-06,0,CLIC
2021-04-07,0,CLIC
2021-04-08,0,CLIC
2021-04-09,0,CLIC
2021-04-10,0,CLIC
2021-04-11,0,CLIC
2021-04-12,0,CLIC
2021-04-13,0,CLIC
2021-04-14,0,CLIC
2021-04-15,0,CLIC
2021-04-16,14,CLIC
2021-04-17,1,CLIC
2021-04-18,0,CLIC
2021-04-19,0,CLIC
2021-04-20,0,CLIC
2021-04-21,6,CLIC
2021-04-22,0,CLIC
2021-04-23,0,CLIC
2021-04-24,0,CLIC
2021-04-25,0,CLIC
2021-04-26,0,CLIC
2021-04-27,0,CLIC
2021-04-28,0,CLIC
2021-04-29,3,CLIC
2021-04-30,19,CLIC
2021-05-01,0,CLIC
2021-05-02,0,CLIC
2021-05-03,0,CLIC
2021-05-04,0,CLIC
2021-05-05,0,CLIC
2021-05-06,0,CLIC
2021-05-07,0,CLIC
2021-05-08,0,CLIC
2021-05-09,0,CLIC
2021-05-10,0,CLIC
2021-05-11,9,CLIC
2021-05-12,26,CLIC
2021-05-13,6,CLIC
2021-05-14,15,CLIC
2021-05-15,0,CLIC
2021-05-16,0,CLIC
2021-05-17,0,CLIC
2021-05-18,2,CLIC
2021-05-19,0,CLIC
2021-05-20,0,CLIC
2021-05-21,0,CLIC
2021-05-22,0,CLIC
2021-05-23,19,CLIC
2021-05-24,0,CLIC
2021-05-25,0,CLIC
2021-05-26,0,CLIC
2021-05-27,0,CLIC
2021-05-28,1,CLIC
2021-05-29,0,CLIC
2021-05-30,93,CLIC
2021-05-31,0,CLIC
2021-06-01,8,CLIC
2021-06-02,0,CLIC
2021-06-03,20,CLIC
2021-06-04,6,CLIC
2021-06-05,0,CLIC
2021-06-06,0,CLIC
2021-06-07,0,CLIC
2021-06-08,0,CLIC
2021-06-09,0,CLIC
2021-06-10,0,CLIC
2021-06-11,0,CLIC
2021-06-12,0,CLIC
2021-06-13,0,CLIC
2021-06-14,0,CLIC
2021-06-15,0,CLIC
2021-06-16,35,CLIC
2021-06-17,5,CLIC
2021-06-18,0,CLIC
2021-06-19,0,CLIC
2021-06-20,0,CLIC
2021-06-21,75,CLIC
2021-06-22,8,CLIC
2021-06-23,47,CLIC
2021-06-24,0,CLIC
2021-06-25,0,CLIC
2021-06-26,0,CLIC
2021-06-27,55,CLIC
2021-06-28,3,CLIC
2021-06-29,8,CLIC
2021-06-30,9,CLIC
2021-07-01,0,CLIC
2021-07-02,0,CLIC
2021-07-03,0,CLIC
2021-07-04,10,CLIC
2021-07-05,0,CLIC
2021-07-06,6,CLIC
2021-07-07,8,CLIC
2021-07-08,4,CLIC
2021-07-09,0,CLIC
2021-07-10,5,CLIC
2021-07-11,0,CLIC
2021-07-12,0,CLIC
2021-07-13,7,CLIC
2021-07-14,0,CLIC
2021-07-15,0,CLIC
2021-07-16,0,CLIC
2021-07-17,0,CLIC
2021-07-18,6,CLIC
2021-07-19,0,CLIC
2021-07-20,8,CLIC
2021-07-21,45,CLIC
2021-07-22,0,CLIC
2021-07-23,0,CLIC
2021-07-24,0,CLIC
2021-07-25,0,CLIC
2021-07-26,0,CLIC
2021-07-27,0,CLIC
2021-07-28,18,CLIC
2021-07-29,6,CLIC
2021-07-30,0,CLIC
2021-07-31,0,CLIC
